terrestrial_date,id,sol,ls,month,min_temp,pressure
2018-02-27,1895.0,1977.0,135.0,5.0,-77.0,727.0
,,,,,,
2012-08-16,2.0,10.0,155.0,6.0,-75.0,739.0
2012-08-17,13.0,11.0,156.0,6.0,-76.0,740.0
2012-08-18,24.0,12.0,156.0,6.0,-76.0,741.0
2012-08-19,35.0,13.0,157.0,6.0,-74.0,732.0
2012-08-20,46.0,14.0,157.0,6.0,-74.0,740.0
2012-08-21,57.0,15.0,158.0,6.0,-78.0,740.0
2012-08-22,68.0,16.0,158.0,6.0,-77.0,740.0
2012-08-23,79.0,17.0,159.0,6.0,-76.0,742.0
2012-08-27,112.0,21.0,161.0,6.0,-74.0,741.0
2012-08-28,114.0,22.0,162.0,6.0,-74.0,742.0
2012-08-29,123.0,23.0,162.0,6.0,-75.0,741.0
2012-08-30,134.0,24.0,163.0,6.0,-75.0,742.0
2012-08-31,145.0,25.0,163.0,6.0,-75.0,743.0
2012-09-01,156.0,26.0,164.0,6.0,-76.0,745.0
2012-09-02,163.0,27.0,164.0,6.0,-75.0,743.0
2012-09-03,170.0,28.0,165.0,6.0,-75.0,745.0
2012-09-04,171.0,29.0,166.0,6.0,-75.0,747.0
2012-09-05,172.0,30.0,166.0,6.0,-74.0,747.0
2012-09-06,173.0,31.0,167.0,6.0,-74.0,745.0
2012-09-08,175.0,33.0,168.0,6.0,-73.0,748.0
2012-09-10,176.0,34.0,168.0,6.0,-73.0,748.0
2012-09-11,177.0,35.0,169.0,6.0,-73.0,749.0
2012-09-12,178.0,36.0,169.0,6.0,-73.0,750.0
2012-09-13,179.0,37.0,170.0,6.0,-73.0,750.0
2012-09-14,180.0,38.0,171.0,6.0,-73.0,750.0
2012-09-15,181.0,39.0,171.0,6.0,-75.0,751.0
2012-09-16,182.0,40.0,172.0,6.0,-75.0,753.0
2012-09-17,183.0,41.0,172.0,6.0,-75.0,753.0
2012-09-18,184.0,42.0,173.0,6.0,-75.0,754.0
2012-09-19,185.0,43.0,173.0,6.0,-74.0,756.0
2012-09-20,186.0,44.0,174.0,6.0,-75.0,757.0
2012-09-21,187.0,45.0,175.0,6.0,-74.0,758.0
2012-09-22,188.0,46.0,175.0,6.0,-74.0,758.0
2012-09-23,189.0,47.0,176.0,6.0,-75.0,758.0
2012-09-24,190.0,48.0,176.0,6.0,-75.0,759.0
2012-09-25,191.0,49.0,177.0,6.0,-74.0,761.0
2012-09-26,192.0,50.0,177.0,6.0,-72.0,761.0
2012-09-27,193.0,51.0,178.0,6.0,-76.0,762.0
2012-09-28,194.0,52.0,179.0,6.0,-74.0,762.0
2012-09-29,195.0,53.0,179.0,6.0,-71.0,764.0
2012-09-30,196.0,54.0,180.0,7.0,-72.0,766.0
2012-10-01,197.0,55.0,180.0,7.0,-74.0,766.0
2012-10-02,198.0,56.0,181.0,7.0,-73.0,768.0
2012-10-03,199.0,57.0,181.0,7.0,-73.0,769.0
2012-10-04,200.0,58.0,182.0,7.0,-74.0,769.0
2012-10-05,201.0,59.0,183.0,7.0,-76.0,771.0
2012-10-06,202.0,60.0,183.0,7.0,-75.0,772.0
2012-10-07,203.0,61.0,184.0,7.0,-72.0,772.0
2012-10-08,204.0,62.0,184.0,7.0,-72.0,774.0
2012-10-09,205.0,63.0,185.0,7.0,-73.0,775.0
2012-10-10,206.0,64.0,186.0,7.0,-74.0,776.0
2012-10-11,207.0,65.0,186.0,7.0,-72.0,777.0
2012-10-12,208.0,66.0,187.0,7.0,-73.0,778.0
2012-10-13,209.0,67.0,187.0,7.0,-73.0,780.0
2012-10-14,210.0,68.0,188.0,7.0,-71.0,781.0
2012-10-15,211.0,69.0,189.0,7.0,-73.0,778.0
2012-10-17,212.0,70.0,189.0,7.0,-72.0,783.0
2012-10-18,213.0,71.0,190.0,7.0,-71.0,784.0
2012-10-19,214.0,72.0,190.0,7.0,-73.0,785.0
2012-10-20,215.0,73.0,191.0,7.0,-70.0,788.0
2012-10-21,216.0,74.0,192.0,7.0,-72.0,790.0
2012-10-22,217.0,75.0,192.0,7.0,-73.0,791.0
2012-10-23,218.0,76.0,193.0,7.0,-73.0,792.0
2012-10-24,219.0,77.0,193.0,7.0,-71.0,792.0
2012-10-25,220.0,78.0,194.0,7.0,-71.0,793.0
2012-10-26,221.0,79.0,195.0,7.0,-73.0,795.0
2012-10-27,222.0,80.0,195.0,7.0,-70.0,796.0
2012-10-28,223.0,81.0,196.0,7.0,-72.0,798.0
2012-10-29,224.0,82.0,196.0,7.0,-72.0,799.0
2012-10-30,225.0,83.0,197.0,7.0,-72.0,801.0
2012-10-31,226.0,84.0,198.0,7.0,-70.0,801.0
2012-11-01,227.0,85.0,198.0,7.0,-71.0,805.0
2012-11-02,228.0,86.0,199.0,7.0,-71.0,808.0
2012-11-03,229.0,87.0,199.0,7.0,-70.0,808.0
2012-11-04,230.0,88.0,200.0,7.0,-70.0,811.0
2012-11-05,231.0,89.0,201.0,7.0,-73.0,813.0
2012-11-06,233.0,90.0,201.0,7.0,-71.0,813.0
2012-11-07,234.0,91.0,202.0,7.0,-74.0,817.0
2012-11-08,235.0,92.0,202.0,7.0,-74.0,820.0
2012-11-09,236.0,93.0,203.0,7.0,-72.0,819.0
2012-11-10,237.0,94.0,204.0,7.0,-70.0,822.0
2012-11-11,238.0,95.0,204.0,7.0,-68.0,822.0
2012-11-12,239.0,96.0,205.0,7.0,-71.0,826.0
2012-11-13,240.0,97.0,206.0,7.0,-68.0,828.0
2012-11-14,241.0,98.0,206.0,7.0,-68.0,828.0
2012-11-15,242.0,99.0,207.0,7.0,-68.0,829.0
2012-11-16,3.0,100.0,207.0,7.0,-66.0,829.0
2012-11-17,4.0,101.0,208.0,7.0,-65.0,830.0
2012-11-18,5.0,102.0,209.0,7.0,-67.0,833.0
2012-11-19,6.0,103.0,209.0,7.0,-66.0,836.0
2012-11-20,7.0,104.0,210.0,8.0,-67.0,838.0
2012-11-21,8.0,105.0,211.0,8.0,-66.0,839.0
2012-11-23,9.0,106.0,211.0,8.0,-66.0,841.0
2012-11-24,10.0,107.0,212.0,8.0,-66.0,844.0
2012-11-25,11.0,108.0,212.0,8.0,-65.0,845.0
2012-11-26,12.0,109.0,213.0,8.0,-64.0,844.0
2012-11-27,14.0,110.0,214.0,8.0,-65.0,848.0
2012-11-28,15.0,111.0,214.0,8.0,-66.0,849.0
2012-11-29,16.0,112.0,215.0,8.0,-65.0,852.0
2012-11-30,17.0,113.0,216.0,8.0,-66.0,857.0
2012-12-01,18.0,114.0,216.0,8.0,-69.0,857.0
2012-12-02,19.0,115.0,217.0,8.0,-66.0,857.0
2012-12-03,20.0,116.0,217.0,8.0,-67.0,859.0
2012-12-04,21.0,117.0,218.0,8.0,-66.0,861.0
2012-12-05,22.0,118.0,219.0,8.0,-65.0,864.0
2012-12-06,23.0,119.0,219.0,8.0,-66.0,866.0
2012-12-07,25.0,120.0,220.0,8.0,-67.0,867.0
2012-12-08,26.0,121.0,221.0,8.0,-66.0,869.0
2012-12-09,27.0,122.0,221.0,8.0,-65.0,869.0
2012-12-10,28.0,123.0,222.0,8.0,-66.0,875.0
2012-12-11,29.0,124.0,223.0,8.0,-66.0,876.0
2012-12-12,30.0,125.0,223.0,8.0,-68.0,880.0
2012-12-13,31.0,126.0,224.0,8.0,-66.0,880.0
2012-12-14,32.0,127.0,224.0,8.0,-67.0,884.0
2012-12-15,33.0,128.0,225.0,8.0,-67.0,883.0
2012-12-16,34.0,129.0,226.0,8.0,-65.0,886.0
2012-12-17,36.0,130.0,226.0,8.0,-65.0,888.0
2012-12-18,37.0,131.0,227.0,8.0,-65.0,889.0
2012-12-19,38.0,132.0,228.0,8.0,-65.0,890.0
2012-12-20,39.0,133.0,228.0,8.0,-65.0,891.0
2012-12-21,40.0,134.0,229.0,8.0,-67.0,893.0
2012-12-22,41.0,135.0,230.0,8.0,-65.0,894.0
2012-12-23,42.0,136.0,230.0,8.0,-65.0,897.0
2012-12-24,43.0,137.0,231.0,8.0,-64.0,896.0
2012-12-25,44.0,138.0,232.0,8.0,-65.0,899.0
2012-12-26,45.0,139.0,232.0,8.0,-66.0,899.0
2012-12-27,47.0,140.0,233.0,8.0,-66.0,903.0
2012-12-28,48.0,141.0,233.0,8.0,-64.0,904.0
2012-12-29,49.0,142.0,234.0,8.0,-65.0,906.0
2012-12-31,50.0,143.0,235.0,8.0,-63.0,908.0
2013-01-01,51.0,144.0,235.0,8.0,-64.0,907.0
2013-01-02,52.0,145.0,236.0,8.0,-64.0,909.0
2013-01-03,53.0,146.0,237.0,8.0,-65.0,908.0
2013-01-04,54.0,147.0,237.0,8.0,-65.0,914.0
2013-01-05,55.0,148.0,238.0,8.0,-65.0,912.0
2013-01-06,56.0,149.0,239.0,8.0,-65.0,914.0
2013-01-07,58.0,150.0,239.0,8.0,-64.0,913.0
2013-01-08,59.0,151.0,240.0,9.0,-65.0,915.0
2013-01-09,60.0,152.0,241.0,9.0,-63.0,914.0
2013-01-10,61.0,153.0,241.0,9.0,-65.0,915.0
2013-01-11,62.0,154.0,242.0,9.0,-65.0,917.0
2013-01-12,63.0,155.0,243.0,9.0,-64.0,917.0
2013-01-13,64.0,156.0,243.0,9.0,-65.0,922.0
2013-01-14,65.0,157.0,244.0,9.0,-64.0,920.0
2013-01-15,66.0,158.0,245.0,9.0,-66.0,922.0
2013-01-16,67.0,159.0,245.0,9.0,-65.0,918.0
2013-01-17,69.0,160.0,246.0,9.0,-67.0,919.0
2013-01-18,70.0,161.0,246.0,9.0,-65.0,919.0
2013-01-19,71.0,162.0,247.0,9.0,-65.0,919.0
2013-01-20,72.0,163.0,248.0,9.0,-65.0,919.0
2013-01-21,73.0,164.0,248.0,9.0,-64.0,919.0
2013-01-22,74.0,165.0,249.0,9.0,-65.0,922.0
2013-01-23,75.0,166.0,250.0,9.0,-65.0,922.0
2013-01-24,76.0,167.0,250.0,9.0,-65.0,920.0
2013-01-25,77.0,168.0,251.0,9.0,-66.0,923.0
2013-01-26,78.0,169.0,252.0,9.0,-66.0,922.0
2013-01-27,80.0,170.0,252.0,9.0,-66.0,925.0
2013-01-28,81.0,171.0,253.0,9.0,-67.0,925.0
2013-01-29,82.0,172.0,254.0,9.0,-67.0,923.0
2013-01-30,83.0,173.0,254.0,9.0,-67.0,920.0
2013-01-31,84.0,174.0,255.0,9.0,-67.0,921.0
2013-02-01,85.0,175.0,256.0,9.0,-68.0,921.0
2013-02-02,86.0,176.0,256.0,9.0,-67.0,920.0
2013-02-03,87.0,177.0,257.0,9.0,-66.0,921.0
2013-02-04,88.0,178.0,258.0,9.0,-66.0,920.0
2013-02-06,89.0,179.0,258.0,9.0,-66.0,920.0
2013-02-07,91.0,180.0,259.0,9.0,-67.0,919.0
2013-02-08,92.0,181.0,260.0,9.0,-67.0,918.0
2013-02-09,93.0,182.0,260.0,9.0,-67.0,921.0
2013-02-10,94.0,183.0,261.0,9.0,-67.0,921.0
2013-02-11,95.0,184.0,261.0,9.0,-67.0,923.0
2013-02-12,96.0,185.0,262.0,9.0,-67.0,923.0
2013-02-13,97.0,186.0,263.0,9.0,-66.0,922.0
2013-02-14,98.0,187.0,263.0,9.0,-67.0,921.0
2013-02-15,99.0,188.0,264.0,9.0,-68.0,920.0
2013-02-16,100.0,189.0,265.0,9.0,-68.0,920.0
2013-02-17,102.0,190.0,265.0,9.0,-66.0,917.0
2013-02-18,103.0,191.0,266.0,9.0,-67.0,921.0
2013-02-23,106.0,196.0,269.0,9.0,-66.0,916.0
2013-02-24,107.0,197.0,270.0,10.0,-68.0,915.0
2013-02-25,108.0,198.0,271.0,10.0,-67.0,914.0
2013-02-26,109.0,199.0,271.0,10.0,-66.0,917.0
2013-03-23,116.0,223.0,287.0,10.0,-71.0,895.0
2013-03-24,117.0,224.0,287.0,10.0,-69.0,894.0
2013-03-25,118.0,225.0,288.0,10.0,-71.0,894.0
2013-03-26,119.0,226.0,288.0,10.0,-70.0,894.0
2013-03-27,120.0,227.0,289.0,10.0,-70.0,892.0
2013-03-28,121.0,228.0,290.0,10.0,-71.0,894.0
2013-03-29,122.0,229.0,290.0,10.0,-69.0,894.0
2013-03-30,124.0,230.0,291.0,10.0,-69.0,888.0
2013-03-31,125.0,231.0,292.0,10.0,-71.0,890.0
2013-04-01,126.0,232.0,292.0,10.0,-69.0,888.0
2013-04-02,127.0,233.0,293.0,10.0,-69.0,889.0
2013-04-03,128.0,234.0,293.0,10.0,-69.0,890.0
2013-04-04,129.0,235.0,294.0,10.0,-70.0,886.0
2013-04-05,130.0,236.0,295.0,10.0,-72.0,886.0
2013-04-06,131.0,237.0,295.0,10.0,-71.0,883.0
2013-04-07,132.0,238.0,296.0,10.0,-70.0,885.0
2013-04-08,133.0,239.0,297.0,10.0,-73.0,885.0
2013-04-09,135.0,240.0,297.0,10.0,-70.0,884.0
2013-04-10,136.0,241.0,298.0,10.0,-72.0,884.0
2013-04-11,137.0,242.0,298.0,10.0,-70.0,881.0
2013-04-12,138.0,243.0,299.0,10.0,-71.0,884.0
2013-04-13,139.0,244.0,300.0,11.0,-69.0,878.0
2013-04-14,140.0,245.0,300.0,11.0,-70.0,879.0
2013-04-15,141.0,246.0,301.0,11.0,-73.0,878.0
2013-04-16,142.0,247.0,301.0,11.0,-71.0,873.0
2013-04-17,143.0,248.0,302.0,11.0,-70.0,877.0
2013-04-18,144.0,249.0,303.0,11.0,-69.0,873.0
2013-04-19,146.0,250.0,303.0,11.0,-70.0,877.0
2013-04-20,147.0,251.0,304.0,11.0,-71.0,876.0
2013-04-22,148.0,252.0,304.0,11.0,-71.0,874.0
2013-04-23,149.0,253.0,305.0,11.0,-71.0,877.0
2013-04-24,150.0,254.0,306.0,11.0,-70.0,871.0
2013-04-25,151.0,255.0,306.0,11.0,-69.0,877.0
2013-04-26,152.0,256.0,307.0,11.0,-70.0,871.0
2013-04-27,153.0,257.0,308.0,11.0,-70.0,871.0
2013-04-28,154.0,258.0,308.0,11.0,-71.0,869.0
2013-04-29,155.0,259.0,309.0,11.0,-72.0,871.0
2013-04-30,157.0,260.0,309.0,11.0,-70.0,875.0
2013-05-01,158.0,261.0,310.0,11.0,-70.0,868.0
2013-05-08,161.0,268.0,314.0,11.0,-70.0,864.0
2013-05-09,162.0,269.0,315.0,11.0,-72.0,866.0
2013-05-10,164.0,270.0,315.0,11.0,-67.0,863.0
2013-05-11,165.0,271.0,316.0,11.0,-69.0,864.0
2013-05-12,166.0,272.0,316.0,11.0,-71.0,864.0
2013-05-13,167.0,273.0,317.0,11.0,-70.0,861.0
2013-05-14,168.0,274.0,318.0,11.0,-70.0,861.0
2013-05-15,169.0,275.0,318.0,11.0,-67.0,860.0
2013-05-16,244.0,276.0,319.0,11.0,-69.0,858.0
2013-05-17,245.0,277.0,319.0,11.0,-69.0,857.0
2013-05-18,246.0,278.0,320.0,11.0,-67.0,855.0
2013-05-19,247.0,279.0,321.0,11.0,-68.0,856.0
2013-05-20,248.0,280.0,321.0,11.0,-69.0,856.0
2013-05-21,249.0,281.0,322.0,11.0,-68.0,855.0
2013-05-22,250.0,282.0,322.0,11.0,-72.0,856.0
2013-05-23,251.0,283.0,323.0,11.0,-68.0,854.0
2013-05-24,252.0,284.0,323.0,11.0,-71.0,854.0
2013-05-25,253.0,285.0,324.0,11.0,-70.0,852.0
2013-05-26,254.0,286.0,325.0,11.0,-71.0,854.0
2013-05-27,255.0,287.0,325.0,11.0,-72.0,856.0
2013-05-29,256.0,288.0,326.0,11.0,-69.0,854.0
2013-05-30,257.0,289.0,326.0,11.0,-71.0,854.0
2013-05-31,258.0,290.0,327.0,11.0,-71.0,853.0
2013-06-01,259.0,291.0,327.0,11.0,-70.0,853.0
2013-06-02,260.0,292.0,328.0,11.0,-71.0,853.0
2013-06-03,261.0,293.0,329.0,11.0,-72.0,850.0
2013-06-04,262.0,294.0,329.0,11.0,-72.0,852.0
2013-06-05,263.0,295.0,330.0,12.0,-71.0,853.0
2013-06-06,264.0,296.0,330.0,12.0,-71.0,850.0
2013-06-07,265.0,297.0,331.0,12.0,-72.0,849.0
2013-06-08,266.0,298.0,331.0,12.0,-72.0,850.0
2013-06-09,267.0,299.0,332.0,12.0,-71.0,849.0
2013-06-10,286.0,300.0,333.0,12.0,-72.0,852.0
2013-06-11,276.0,301.0,333.0,12.0,-73.0,852.0
2013-06-12,287.0,302.0,334.0,12.0,-71.0,850.0
2013-06-13,283.0,303.0,334.0,12.0,-71.0,849.0
2013-06-14,281.0,304.0,335.0,12.0,-70.0,848.0
2013-06-15,275.0,305.0,335.0,12.0,-71.0,847.0
2013-06-16,280.0,306.0,336.0,12.0,-71.0,848.0
2013-06-17,279.0,307.0,336.0,12.0,-72.0,851.0
2013-06-18,282.0,308.0,337.0,12.0,-73.0,850.0
2013-06-19,284.0,309.0,338.0,12.0,-72.0,848.0
2013-06-20,278.0,310.0,338.0,12.0,-71.0,849.0
2013-06-21,277.0,311.0,339.0,12.0,-74.0,846.0
2013-06-22,285.0,312.0,339.0,12.0,-71.0,845.0
2013-06-23,274.0,313.0,340.0,12.0,-77.0,849.0
2013-06-24,272.0,314.0,340.0,12.0,-73.0,848.0
2013-06-25,273.0,315.0,341.0,12.0,-74.0,850.0
2013-06-26,288.0,316.0,341.0,12.0,-74.0,851.0
2013-06-27,268.0,317.0,342.0,12.0,-72.0,849.0
2013-06-28,270.0,318.0,342.0,12.0,-74.0,849.0
2013-06-29,271.0,319.0,343.0,12.0,-73.0,847.0
2013-06-30,269.0,320.0,344.0,12.0,-74.0,846.0
2013-07-01,289.0,321.0,344.0,12.0,-75.0,847.0
2013-07-02,291.0,322.0,345.0,12.0,-74.0,849.0
2013-07-03,290.0,323.0,345.0,12.0,-74.0,847.0
2013-07-04,292.0,324.0,346.0,12.0,-75.0,850.0
2013-07-06,294.0,325.0,346.0,12.0,-74.0,847.0
2013-07-07,295.0,326.0,347.0,12.0,-72.0,848.0
2013-07-08,296.0,327.0,347.0,12.0,-74.0,848.0
2013-07-09,293.0,328.0,348.0,12.0,-75.0,847.0
2013-07-10,298.0,329.0,348.0,12.0,-74.0,847.0
2013-07-11,297.0,330.0,349.0,12.0,-75.0,848.0
2013-07-12,303.0,331.0,349.0,12.0,-74.0,848.0
2013-07-13,300.0,332.0,350.0,12.0,-76.0,849.0
2013-07-14,299.0,333.0,350.0,12.0,-75.0,849.0
2013-07-15,301.0,334.0,351.0,12.0,-74.0,852.0
2013-07-16,302.0,335.0,352.0,12.0,-76.0,852.0
2013-07-17,305.0,336.0,352.0,12.0,-76.0,852.0
2013-07-18,304.0,337.0,353.0,12.0,-75.0,853.0
2013-07-19,306.0,338.0,353.0,12.0,-78.0,848.0
2013-07-20,308.0,339.0,354.0,12.0,-76.0,849.0
2013-07-21,307.0,340.0,354.0,12.0,-76.0,851.0
2013-07-22,310.0,341.0,355.0,12.0,-77.0,852.0
2013-07-23,309.0,342.0,355.0,12.0,-76.0,851.0
2013-07-24,311.0,343.0,356.0,12.0,-77.0,850.0
2013-07-25,317.0,344.0,356.0,12.0,-77.0,851.0
2013-07-26,312.0,345.0,357.0,12.0,-77.0,853.0
2013-07-27,314.0,346.0,357.0,12.0,-76.0,853.0
2013-07-28,313.0,347.0,358.0,12.0,-77.0,851.0
2013-07-29,315.0,348.0,358.0,12.0,-74.0,850.0
2013-07-30,316.0,349.0,359.0,12.0,-75.0,852.0
2013-07-31,318.0,350.0,359.0,12.0,-76.0,853.0
2013-08-01,320.0,351.0,0.0,1.0,-75.0,853.0
2013-08-02,319.0,352.0,0.0,1.0,-77.0,854.0
2013-08-03,323.0,353.0,1.0,1.0,-75.0,855.0
2013-08-04,322.0,354.0,1.0,1.0,-75.0,857.0
2013-08-05,321.0,355.0,2.0,1.0,-75.0,857.0
2013-08-06,324.0,356.0,2.0,1.0,-77.0,856.0
2013-08-07,325.0,357.0,3.0,1.0,-76.0,857.0
2013-08-17,326.0,366.0,7.0,1.0,-76.0,861.0
2013-08-18,328.0,367.0,8.0,1.0,-76.0,862.0
2013-08-19,330.0,368.0,8.0,1.0,-77.0,863.0
2013-08-20,331.0,369.0,9.0,1.0,-75.0,865.0
2013-08-21,332.0,370.0,9.0,1.0,-79.0,865.0
2013-08-22,333.0,371.0,10.0,1.0,-77.0,865.0
2013-08-23,334.0,372.0,10.0,1.0,-76.0,866.0
2013-08-24,335.0,373.0,11.0,1.0,-79.0,866.0
2013-08-25,337.0,374.0,11.0,1.0,-79.0,866.0
2013-08-26,336.0,375.0,12.0,1.0,-77.0,867.0
2013-08-27,340.0,376.0,12.0,1.0,-78.0,870.0
2013-08-28,338.0,377.0,13.0,1.0,-78.0,870.0
2013-08-29,339.0,378.0,13.0,1.0,-78.0,869.0
2013-08-30,341.0,379.0,14.0,1.0,-79.0,870.0
2013-08-31,343.0,380.0,14.0,1.0,-79.0,870.0
2013-09-01,345.0,381.0,15.0,1.0,-79.0,871.0
2013-09-02,344.0,382.0,15.0,1.0,-76.0,872.0
2013-09-03,342.0,383.0,16.0,1.0,-77.0,874.0
2013-09-04,346.0,384.0,16.0,1.0,-77.0,875.0
2013-09-05,351.0,385.0,17.0,1.0,-78.0,874.0
2013-09-06,347.0,386.0,17.0,1.0,-77.0,873.0
2013-09-07,349.0,387.0,18.0,1.0,-78.0,874.0
2013-09-08,350.0,388.0,18.0,1.0,-79.0,875.0
2013-09-09,348.0,389.0,19.0,1.0,-79.0,875.0
2013-09-10,352.0,390.0,19.0,1.0,-78.0,875.0
2013-09-11,353.0,391.0,20.0,1.0,-78.0,875.0
2013-09-12,354.0,392.0,20.0,1.0,-77.0,876.0
2013-09-13,355.0,393.0,21.0,1.0,-76.0,877.0
2013-09-14,356.0,394.0,21.0,1.0,-79.0,878.0
2013-09-15,357.0,395.0,22.0,1.0,-77.0,878.0
2013-09-16,358.0,396.0,22.0,1.0,-78.0,879.0
2013-09-18,359.0,397.0,23.0,1.0,-75.0,880.0
2013-09-19,360.0,398.0,23.0,1.0,-79.0,880.0
2013-09-20,361.0,399.0,24.0,1.0,-79.0,881.0
2013-09-21,363.0,400.0,24.0,1.0,-79.0,881.0
2013-09-22,362.0,401.0,25.0,1.0,-79.0,882.0
2013-09-23,365.0,402.0,25.0,1.0,-78.0,883.0
2013-09-24,364.0,403.0,25.0,1.0,-80.0,883.0
2013-09-25,367.0,404.0,26.0,1.0,-78.0,884.0
2013-09-26,366.0,405.0,26.0,1.0,-82.0,885.0
2013-09-27,374.0,406.0,27.0,1.0,-81.0,886.0
2013-09-28,370.0,407.0,27.0,1.0,-81.0,887.0
2013-09-29,369.0,408.0,28.0,1.0,-80.0,887.0
2013-09-30,368.0,409.0,28.0,1.0,-81.0,887.0
2013-10-01,373.0,410.0,29.0,1.0,-81.0,888.0
2013-10-02,372.0,411.0,29.0,1.0,-82.0,887.0
2013-10-03,371.0,412.0,30.0,2.0,-80.0,888.0
2013-10-04,376.0,413.0,30.0,2.0,-82.0,888.0
2013-10-05,375.0,414.0,31.0,2.0,-79.0,889.0
2013-10-06,377.0,415.0,31.0,2.0,-82.0,890.0
2013-10-07,378.0,416.0,32.0,2.0,-79.0,889.0
2013-10-08,379.0,417.0,32.0,2.0,-82.0,890.0
2013-10-09,380.0,418.0,33.0,2.0,-79.0,891.0
2013-10-10,381.0,419.0,33.0,2.0,-82.0,891.0
2013-10-11,385.0,420.0,33.0,2.0,-80.0,892.0
2013-10-12,382.0,421.0,34.0,2.0,-81.0,890.0
2013-10-13,384.0,422.0,34.0,2.0,-82.0,891.0
2013-10-14,383.0,423.0,35.0,2.0,-81.0,892.0
2013-10-15,386.0,424.0,35.0,2.0,-81.0,893.0
2013-10-16,393.0,425.0,36.0,2.0,-81.0,893.0
2013-10-17,388.0,426.0,36.0,2.0,-79.0,893.0
2013-10-18,392.0,427.0,37.0,2.0,-81.0,893.0
2013-10-19,391.0,428.0,37.0,2.0,-81.0,894.0
2013-10-20,387.0,429.0,38.0,2.0,-82.0,895.0
2013-10-21,390.0,430.0,38.0,2.0,-82.0,896.0
2013-10-22,389.0,431.0,39.0,2.0,-83.0,895.0
2013-10-23,395.0,432.0,39.0,2.0,-80.0,896.0
2013-10-24,394.0,433.0,40.0,2.0,-81.0,895.0
2013-10-26,397.0,434.0,40.0,2.0,-80.0,896.0
2013-10-27,396.0,435.0,40.0,2.0,-81.0,896.0
2013-10-28,398.0,436.0,41.0,2.0,-81.0,897.0
2013-10-29,399.0,437.0,41.0,2.0,-82.0,898.0
2013-10-30,400.0,438.0,42.0,2.0,-79.0,899.0
2013-10-31,401.0,439.0,42.0,2.0,-80.0,899.0
2013-11-01,404.0,440.0,43.0,2.0,-80.0,899.0
2013-11-02,402.0,441.0,43.0,2.0,-81.0,900.0
2013-11-03,405.0,442.0,44.0,2.0,-80.0,900.0
2013-11-04,403.0,443.0,44.0,2.0,-81.0,901.0
2013-11-16,407.0,455.0,50.0,2.0,-84.0,905.0
2013-11-17,406.0,456.0,50.0,2.0,-83.0,905.0
2013-11-24,409.0,463.0,53.0,2.0,-86.0,906.0
2013-11-25,410.0,464.0,54.0,2.0,-84.0,906.0
2013-11-26,412.0,465.0,54.0,2.0,-85.0,906.0
2013-11-27,415.0,466.0,55.0,2.0,-85.0,907.0
2013-11-28,411.0,467.0,55.0,2.0,-84.0,907.0
2013-11-29,414.0,468.0,55.0,2.0,-85.0,907.0
2013-11-30,413.0,469.0,56.0,2.0,-85.0,908.0
2013-12-02,475.0,470.0,56.0,2.0,-85.0,907.0
2013-12-03,479.0,471.0,57.0,2.0,-84.0,906.0
2013-12-04,416.0,472.0,57.0,2.0,-84.0,907.0
2013-12-05,417.0,473.0,58.0,2.0,-86.0,907.0
2013-12-06,420.0,474.0,58.0,2.0,-84.0,906.0
2013-12-07,419.0,475.0,59.0,2.0,-85.0,906.0
2013-12-08,418.0,476.0,59.0,2.0,-85.0,906.0
2013-12-09,421.0,477.0,60.0,3.0,-85.0,907.0
2013-12-18,422.0,486.0,64.0,3.0,-84.0,904.0
2013-12-19,473.0,487.0,64.0,3.0,-85.0,904.0
2013-12-20,480.0,488.0,64.0,3.0,-87.0,903.0
2013-12-21,423.0,489.0,65.0,3.0,-85.0,904.0
2013-12-22,434.0,490.0,65.0,3.0,-87.0,903.0
2013-12-23,433.0,491.0,66.0,3.0,-86.0,903.0
2013-12-24,427.0,492.0,66.0,3.0,-86.0,903.0
2013-12-25,426.0,493.0,67.0,3.0,-84.0,902.0
2013-12-26,429.0,494.0,67.0,3.0,-85.0,902.0
2013-12-27,431.0,495.0,68.0,3.0,-86.0,900.0
2013-12-28,428.0,496.0,68.0,3.0,-85.0,901.0
2013-12-29,425.0,497.0,69.0,3.0,-86.0,901.0
2013-12-30,424.0,498.0,69.0,3.0,-86.0,901.0
2013-12-31,432.0,499.0,69.0,3.0,-84.0,899.0
2014-01-01,430.0,500.0,70.0,3.0,-85.0,897.0
2014-01-02,435.0,501.0,70.0,3.0,-86.0,898.0
2014-01-03,437.0,502.0,71.0,3.0,-87.0,898.0
2014-01-04,483.0,503.0,71.0,3.0,-86.0,897.0
2014-01-05,436.0,504.0,72.0,3.0,-85.0,895.0
2014-01-06,438.0,505.0,72.0,3.0,-85.0,895.0
2014-01-08,439.0,506.0,73.0,3.0,-86.0,894.0
2014-01-09,440.0,507.0,73.0,3.0,-85.0,894.0
2014-01-10,442.0,508.0,73.0,3.0,-83.0,893.0
2014-01-11,443.0,509.0,74.0,3.0,-86.0,895.0
2014-01-12,441.0,510.0,74.0,3.0,-85.0,892.0
2014-01-13,446.0,511.0,75.0,3.0,-85.0,892.0
2014-01-14,444.0,512.0,75.0,3.0,-86.0,890.0
2014-01-15,445.0,513.0,76.0,3.0,-86.0,889.0
2014-01-16,447.0,514.0,76.0,3.0,-86.0,888.0
2014-01-17,450.0,515.0,77.0,3.0,-86.0,888.0
2014-01-18,449.0,516.0,77.0,3.0,-86.0,888.0
2014-01-19,448.0,517.0,77.0,3.0,-86.0,885.0
2014-01-20,451.0,518.0,78.0,3.0,-85.0,885.0
2014-01-21,452.0,519.0,78.0,3.0,-86.0,884.0
2014-01-22,453.0,520.0,79.0,3.0,-86.0,884.0
2014-01-23,454.0,521.0,79.0,3.0,-87.0,882.0
2014-01-24,455.0,522.0,80.0,3.0,-85.0,881.0
2014-01-25,458.0,523.0,80.0,3.0,-85.0,881.0
2014-01-26,457.0,524.0,81.0,3.0,-85.0,880.0
2014-01-27,456.0,525.0,81.0,3.0,-87.0,878.0
2014-01-28,459.0,526.0,82.0,3.0,-87.0,878.0
2014-01-29,460.0,527.0,82.0,3.0,-86.0,877.0
2014-01-30,461.0,528.0,82.0,3.0,-86.0,876.0
2014-01-31,462.0,529.0,83.0,3.0,-87.0,875.0
2014-02-01,463.0,530.0,83.0,3.0,-87.0,873.0
2014-02-02,465.0,531.0,84.0,3.0,-87.0,872.0
2014-02-03,464.0,532.0,84.0,3.0,-88.0,872.0
2014-02-04,466.0,533.0,85.0,3.0,-87.0,871.0
2014-02-05,467.0,534.0,85.0,3.0,-86.0,869.0
2014-02-06,468.0,535.0,86.0,3.0,-88.0,868.0
2014-02-07,470.0,536.0,86.0,3.0,-83.0,867.0
2014-02-08,469.0,537.0,86.0,3.0,-83.0,865.0
2014-02-09,472.0,538.0,87.0,3.0,-85.0,865.0
2014-02-10,476.0,539.0,87.0,3.0,-85.0,864.0
2014-02-11,481.0,540.0,88.0,3.0,-84.0,862.0
2014-02-12,482.0,541.0,88.0,3.0,-84.0,861.0
2014-02-13,477.0,542.0,89.0,3.0,-85.0,859.0
2014-02-15,486.0,543.0,89.0,3.0,-84.0,858.0
2014-02-16,487.0,544.0,90.0,4.0,-86.0,857.0
2014-02-17,490.0,545.0,90.0,4.0,-85.0,856.0
2014-02-18,489.0,546.0,91.0,4.0,-85.0,855.0
2014-02-19,488.0,547.0,91.0,4.0,-85.0,853.0
2014-02-20,491.0,548.0,91.0,4.0,-86.0,852.0
2014-02-21,492.0,549.0,92.0,4.0,-87.0,851.0
2014-02-22,494.0,550.0,92.0,4.0,-85.0,850.0
2014-02-23,495.0,551.0,93.0,4.0,-85.0,848.0
2014-02-24,493.0,552.0,93.0,4.0,-86.0,847.0
2014-02-25,496.0,553.0,94.0,4.0,-84.0,845.0
2014-02-26,497.0,554.0,94.0,4.0,-84.0,843.0
2014-02-27,499.0,555.0,95.0,4.0,-85.0,843.0
2014-02-28,501.0,556.0,95.0,4.0,-85.0,842.0
2014-03-01,498.0,557.0,96.0,4.0,-85.0,840.0
2014-03-02,500.0,558.0,96.0,4.0,-85.0,839.0
2014-03-03,502.0,559.0,96.0,4.0,-85.0,838.0
2014-03-04,503.0,560.0,97.0,4.0,-86.0,836.0
2014-03-05,504.0,561.0,97.0,4.0,-85.0,835.0
2014-03-06,506.0,562.0,98.0,4.0,-85.0,834.0
2014-03-07,505.0,563.0,98.0,4.0,-87.0,833.0
2014-03-08,509.0,564.0,99.0,4.0,-86.0,831.0
2014-03-09,508.0,565.0,99.0,4.0,-85.0,830.0
2014-03-10,507.0,566.0,100.0,4.0,-86.0,829.0
2014-03-11,510.0,567.0,100.0,4.0,-86.0,827.0
2014-03-12,511.0,568.0,101.0,4.0,-86.0,825.0
2014-03-13,512.0,569.0,101.0,4.0,-85.0,825.0
2014-03-14,513.0,570.0,102.0,4.0,-84.0,823.0
2014-03-15,515.0,571.0,102.0,4.0,-84.0,821.0
2014-03-16,514.0,572.0,102.0,4.0,-85.0,820.0
2014-03-17,516.0,573.0,103.0,4.0,-84.0,819.0
2014-03-18,517.0,574.0,103.0,4.0,-85.0,817.0
2014-03-19,518.0,575.0,104.0,4.0,-82.0,816.0
2014-03-20,520.0,576.0,104.0,4.0,-84.0,815.0
2014-03-21,519.0,577.0,105.0,4.0,-84.0,813.0
2014-03-22,521.0,578.0,105.0,4.0,-83.0,812.0
2014-03-24,522.0,579.0,106.0,4.0,-82.0,811.0
2014-03-25,523.0,580.0,106.0,4.0,-83.0,810.0
2014-03-26,524.0,581.0,107.0,4.0,-84.0,808.0
2014-03-27,525.0,582.0,107.0,4.0,-84.0,807.0
2014-03-28,526.0,583.0,108.0,4.0,-82.0,806.0
2014-03-29,528.0,584.0,108.0,4.0,-82.0,804.0
2014-03-30,527.0,585.0,109.0,4.0,-83.0,802.0
2014-03-31,529.0,586.0,109.0,4.0,-82.0,802.0
2014-04-01,530.0,587.0,109.0,4.0,-85.0,801.0
2014-04-02,532.0,588.0,110.0,4.0,-84.0,799.0
2014-04-03,531.0,589.0,110.0,4.0,-85.0,798.0
2014-04-04,535.0,590.0,111.0,4.0,-82.0,797.0
2014-04-05,533.0,591.0,111.0,4.0,-82.0,795.0
2014-04-06,534.0,592.0,112.0,4.0,-83.0,795.0
2014-04-07,536.0,593.0,112.0,4.0,-83.0,795.0
2014-04-08,537.0,594.0,113.0,4.0,-83.0,793.0
2014-04-09,538.0,595.0,113.0,4.0,-83.0,792.0
2014-04-10,539.0,596.0,114.0,4.0,-82.0,791.0
2014-04-11,540.0,597.0,114.0,4.0,-84.0,790.0
2014-04-12,542.0,598.0,115.0,4.0,-84.0,787.0
2014-04-13,543.0,599.0,115.0,4.0,-84.0,788.0
2014-04-14,541.0,600.0,116.0,4.0,-81.0,787.0
2014-04-15,544.0,601.0,116.0,4.0,-82.0,785.0
2014-04-16,545.0,602.0,117.0,4.0,-82.0,784.0
2014-04-17,548.0,603.0,117.0,4.0,-83.0,783.0
2014-04-18,546.0,604.0,118.0,4.0,-84.0,782.0
2014-04-19,547.0,605.0,118.0,4.0,-83.0,781.0
2014-04-20,549.0,606.0,118.0,4.0,-84.0,780.0
2014-04-21,550.0,607.0,119.0,4.0,-83.0,779.0
2014-04-22,551.0,608.0,119.0,4.0,-85.0,777.0
2014-04-23,552.0,609.0,120.0,5.0,-84.0,777.0
2014-04-24,554.0,610.0,120.0,5.0,-85.0,776.0
2014-04-25,555.0,611.0,121.0,5.0,-84.0,775.0
2014-04-26,553.0,612.0,121.0,5.0,-85.0,774.0
2014-04-27,556.0,613.0,122.0,5.0,-84.0,773.0
2014-04-28,557.0,614.0,122.0,5.0,-82.0,772.0
2014-04-29,558.0,615.0,123.0,5.0,-83.0,771.0
2014-05-01,559.0,616.0,123.0,5.0,-82.0,769.0
2014-05-02,561.0,617.0,124.0,5.0,-84.0,769.0
2014-05-03,562.0,618.0,124.0,5.0,-83.0,769.0
2014-05-04,560.0,619.0,125.0,5.0,-82.0,766.0
2014-05-05,563.0,620.0,125.0,5.0,-83.0,765.0
2014-05-06,564.0,621.0,126.0,5.0,-82.0,765.0
2014-05-07,565.0,622.0,126.0,5.0,-84.0,763.0
2014-05-08,566.0,623.0,127.0,5.0,-83.0,763.0
2014-05-09,568.0,624.0,127.0,5.0,-82.0,762.0
2014-05-10,569.0,625.0,128.0,5.0,-81.0,761.0
2014-05-11,567.0,626.0,128.0,5.0,-82.0,760.0
2014-05-12,570.0,627.0,129.0,5.0,-82.0,759.0
2014-05-13,571.0,628.0,129.0,5.0,-81.0,759.0
2014-05-14,572.0,629.0,130.0,5.0,-84.0,759.0
2014-05-15,573.0,630.0,130.0,5.0,-82.0,757.0
2014-05-16,576.0,631.0,131.0,5.0,-81.0,756.0
2014-05-17,575.0,632.0,131.0,5.0,-79.0,755.0
2014-05-18,574.0,633.0,132.0,5.0,-81.0,754.0
2014-05-19,577.0,634.0,132.0,5.0,-82.0,753.0
2014-05-20,578.0,635.0,133.0,5.0,-82.0,754.0
2014-05-21,582.0,636.0,133.0,5.0,-81.0,752.0
2014-05-22,580.0,637.0,134.0,5.0,-80.0,752.0
2014-05-23,579.0,638.0,134.0,5.0,-80.0,751.0
2014-05-24,581.0,639.0,135.0,5.0,-80.0,750.0
2014-05-25,583.0,640.0,135.0,5.0,-81.0,750.0
2014-05-26,584.0,641.0,136.0,5.0,-81.0,749.0
2014-05-27,585.0,642.0,136.0,5.0,-80.0,749.0
2014-05-28,586.0,643.0,137.0,5.0,-80.0,748.0
2014-05-29,588.0,644.0,137.0,5.0,-80.0,748.0
2014-05-30,589.0,645.0,138.0,5.0,-81.0,746.0
2014-05-31,587.0,646.0,138.0,5.0,-81.0,746.0
2014-06-01,590.0,647.0,139.0,5.0,-79.0,746.0
2014-06-02,591.0,648.0,139.0,5.0,-80.0,746.0
2014-06-03,592.0,649.0,140.0,5.0,-79.0,745.0
2014-06-04,593.0,650.0,140.0,5.0,-80.0,743.0
2014-06-05,595.0,651.0,141.0,5.0,-80.0,743.0
2014-06-07,594.0,652.0,141.0,5.0,-79.0,745.0
2014-06-08,596.0,653.0,142.0,5.0,-80.0,744.0
2014-06-09,597.0,654.0,142.0,5.0,-79.0,742.0
2014-06-10,598.0,655.0,143.0,5.0,-77.0,741.0
2014-06-11,599.0,656.0,143.0,5.0,-80.0,740.0
2014-06-12,600.0,657.0,144.0,5.0,-79.0,739.0
2014-06-13,602.0,658.0,144.0,5.0,-79.0,739.0
2014-06-14,603.0,659.0,145.0,5.0,-77.0,738.0
2014-06-15,601.0,660.0,145.0,5.0,-78.0,735.0
2014-06-16,604.0,661.0,146.0,5.0,-76.0,735.0
2014-06-17,605.0,662.0,146.0,5.0,-77.0,735.0
2014-06-18,609.0,663.0,147.0,5.0,-77.0,734.0
2014-06-19,607.0,664.0,147.0,5.0,-78.0,732.0
2014-06-20,610.0,665.0,148.0,5.0,-78.0,735.0
2014-06-21,608.0,666.0,148.0,5.0,-77.0,736.0
2014-06-22,606.0,667.0,149.0,5.0,-76.0,736.0
2014-06-23,611.0,668.0,150.0,6.0,-75.0,734.0
2014-06-24,613.0,669.0,150.0,6.0,-84.0,735.0
2014-06-25,612.0,670.0,151.0,6.0,-79.0,737.0
2014-06-26,614.0,671.0,151.0,6.0,-79.0,740.0
2014-06-27,615.0,672.0,152.0,6.0,-78.0,739.0
2014-06-28,616.0,673.0,152.0,6.0,-78.0,738.0
2014-06-29,617.0,674.0,153.0,6.0,-80.0,739.0
2014-06-30,618.0,675.0,153.0,6.0,-80.0,740.0
2014-07-01,619.0,676.0,154.0,6.0,-80.0,738.0
2014-07-02,622.0,677.0,154.0,6.0,-78.0,737.0
2014-07-03,621.0,678.0,155.0,6.0,-77.0,739.0
2014-07-04,624.0,679.0,155.0,6.0,-77.0,738.0
2014-07-05,620.0,680.0,156.0,6.0,-76.0,740.0
2014-07-06,623.0,681.0,156.0,6.0,-79.0,738.0
2014-07-07,625.0,682.0,157.0,6.0,-77.0,739.0
2014-07-08,626.0,683.0,158.0,6.0,-79.0,741.0
2014-07-09,627.0,684.0,158.0,6.0,-75.0,741.0
2014-07-10,628.0,685.0,159.0,6.0,-77.0,740.0
2014-07-11,629.0,686.0,159.0,6.0,-76.0,738.0
2014-07-12,630.0,687.0,160.0,6.0,-77.0,739.0
2014-07-14,631.0,688.0,160.0,6.0,-77.0,741.0
2014-07-15,632.0,689.0,161.0,6.0,-76.0,742.0
2014-07-16,633.0,690.0,161.0,6.0,-77.0,741.0
2014-07-17,634.0,691.0,162.0,6.0,-76.0,741.0
2014-07-18,637.0,692.0,162.0,6.0,-76.0,742.0
2014-07-19,636.0,693.0,163.0,6.0,-76.0,741.0
2014-07-20,635.0,694.0,164.0,6.0,-75.0,740.0
2014-07-21,638.0,695.0,164.0,6.0,-76.0,741.0
2014-07-22,639.0,696.0,165.0,6.0,-75.0,743.0
2014-07-23,640.0,697.0,165.0,6.0,-74.0,743.0
2014-07-24,641.0,698.0,166.0,6.0,-77.0,743.0
2014-07-25,642.0,699.0,166.0,6.0,-76.0,744.0
2014-07-26,643.0,700.0,167.0,6.0,-75.0,745.0
2014-07-27,644.0,701.0,167.0,6.0,-77.0,745.0
2014-07-28,645.0,702.0,168.0,6.0,-76.0,745.0
2014-07-29,646.0,703.0,169.0,6.0,-75.0,747.0
2014-07-30,647.0,704.0,169.0,6.0,-75.0,747.0
2014-07-31,648.0,705.0,170.0,6.0,-76.0,746.0
2014-08-01,650.0,706.0,170.0,6.0,-76.0,748.0
2014-08-02,651.0,707.0,171.0,6.0,-76.0,749.0
2014-08-03,649.0,708.0,171.0,6.0,-76.0,749.0
2014-08-04,652.0,709.0,172.0,6.0,-73.0,750.0
2014-08-05,653.0,710.0,172.0,6.0,-77.0,751.0
2014-08-06,654.0,711.0,173.0,6.0,-75.0,751.0
2014-08-07,658.0,712.0,174.0,6.0,-77.0,752.0
2014-08-08,656.0,713.0,174.0,6.0,-76.0,754.0
2014-08-09,655.0,714.0,175.0,6.0,-76.0,754.0
2014-08-10,657.0,715.0,175.0,6.0,-73.0,755.0
2014-08-11,659.0,716.0,176.0,6.0,-75.0,755.0
2014-08-12,661.0,717.0,176.0,6.0,-76.0,756.0
2014-08-13,660.0,718.0,177.0,6.0,-77.0,757.0
2014-08-14,662.0,719.0,178.0,6.0,-77.0,758.0
2014-08-15,663.0,720.0,178.0,6.0,-74.0,760.0
2014-08-16,664.0,721.0,179.0,6.0,-73.0,761.0
2014-08-17,665.0,722.0,179.0,6.0,-74.0,760.0
2014-08-18,666.0,723.0,180.0,7.0,-73.0,761.0
2014-08-19,667.0,724.0,181.0,7.0,-74.0,763.0
2014-08-21,669.0,725.0,181.0,7.0,-73.0,764.0
2014-08-22,668.0,726.0,182.0,7.0,-75.0,766.0
2014-08-23,671.0,727.0,182.0,7.0,-76.0,766.0
2014-08-24,670.0,728.0,183.0,7.0,-74.0,766.0
2014-08-25,672.0,729.0,183.0,7.0,-75.0,768.0
2014-08-26,676.0,730.0,184.0,7.0,-76.0,770.0
2014-08-27,673.0,731.0,185.0,7.0,-75.0,771.0
2014-08-28,677.0,732.0,185.0,7.0,-75.0,773.0
2014-08-29,674.0,733.0,186.0,7.0,-74.0,773.0
2014-08-30,675.0,734.0,186.0,7.0,-73.0,776.0
2014-08-31,678.0,735.0,187.0,7.0,-73.0,776.0
2014-09-01,679.0,736.0,188.0,7.0,-76.0,776.0
2014-09-02,680.0,737.0,188.0,7.0,-74.0,777.0
2014-09-03,681.0,738.0,189.0,7.0,-75.0,778.0
2014-09-04,682.0,739.0,189.0,7.0,-77.0,779.0
2014-09-05,685.0,740.0,190.0,7.0,-76.0,782.0
2014-09-06,683.0,741.0,191.0,7.0,-70.0,784.0
2014-09-07,684.0,742.0,191.0,7.0,-72.0,784.0
2014-09-08,686.0,743.0,192.0,7.0,-72.0,786.0
2014-09-09,687.0,744.0,192.0,7.0,-75.0,786.0
2014-09-10,689.0,745.0,193.0,7.0,-74.0,787.0
2014-09-11,688.0,746.0,194.0,7.0,-76.0,788.0
2014-09-12,691.0,747.0,194.0,7.0,-73.0,789.0
2014-09-13,690.0,748.0,195.0,7.0,-71.0,791.0
2014-09-14,692.0,749.0,195.0,7.0,-73.0,794.0
2014-09-15,693.0,750.0,196.0,7.0,-72.0,796.0
2014-09-16,695.0,751.0,197.0,7.0,-72.0,797.0
2014-09-17,694.0,752.0,197.0,7.0,-71.0,798.0
2014-09-18,698.0,753.0,198.0,7.0,-73.0,800.0
2014-09-19,696.0,754.0,198.0,7.0,-73.0,802.0
2014-09-20,697.0,755.0,199.0,7.0,-74.0,806.0
2014-09-21,699.0,756.0,200.0,7.0,-73.0,806.0
2014-09-22,700.0,757.0,200.0,7.0,-73.0,807.0
2014-09-23,701.0,758.0,201.0,7.0,-71.0,810.0
2014-09-24,702.0,759.0,201.0,7.0,-77.0,809.0
2014-09-25,704.0,760.0,202.0,7.0,-70.0,810.0
2014-09-27,705.0,761.0,203.0,7.0,-72.0,814.0
2014-09-28,703.0,762.0,203.0,7.0,-75.0,814.0
2014-09-29,706.0,763.0,204.0,7.0,-78.0,817.0
2014-09-30,707.0,764.0,205.0,7.0,-73.0,821.0
2014-10-01,708.0,765.0,205.0,7.0,-73.0,820.0
2014-10-02,709.0,766.0,206.0,7.0,-70.0,824.0
2014-10-03,710.0,767.0,206.0,7.0,-71.0,824.0
2014-10-04,712.0,768.0,207.0,7.0,-73.0,826.0
2014-10-05,711.0,769.0,208.0,7.0,-73.0,829.0
2014-10-06,713.0,770.0,208.0,7.0,-70.0,829.0
2014-10-07,714.0,771.0,209.0,7.0,-71.0,836.0
2014-10-08,715.0,772.0,210.0,8.0,-71.0,835.0
2014-10-09,716.0,773.0,210.0,8.0,-70.0,838.0
2014-10-10,719.0,774.0,211.0,8.0,-73.0,838.0
2014-10-11,717.0,775.0,211.0,8.0,-71.0,838.0
2014-10-12,718.0,776.0,212.0,8.0,-72.0,841.0
2014-10-13,720.0,777.0,213.0,8.0,-72.0,841.0
2014-10-14,721.0,778.0,213.0,8.0,-70.0,846.0
2014-10-15,722.0,779.0,214.0,8.0,-71.0,845.0
2014-10-16,723.0,780.0,215.0,8.0,-72.0,852.0
2014-10-17,725.0,781.0,215.0,8.0,-74.0,849.0
2014-10-18,724.0,782.0,216.0,8.0,-71.0,854.0
2014-10-19,727.0,783.0,216.0,8.0,-69.0,853.0
2014-10-20,726.0,784.0,217.0,8.0,-69.0,857.0
2014-10-21,728.0,785.0,218.0,8.0,-74.0,858.0
2014-10-22,729.0,786.0,218.0,8.0,-74.0,861.0
2014-10-23,732.0,787.0,219.0,8.0,-73.0,860.0
2014-10-24,731.0,788.0,220.0,8.0,-68.0,862.0
2014-10-25,730.0,789.0,220.0,8.0,-68.0,862.0
2014-10-26,733.0,790.0,221.0,8.0,-68.0,864.0
2014-10-27,734.0,791.0,222.0,8.0,-70.0,867.0
2014-10-28,735.0,792.0,222.0,8.0,-71.0,873.0
2014-10-29,736.0,793.0,223.0,8.0,-71.0,877.0
2014-10-30,739.0,794.0,223.0,8.0,-68.0,874.0
2014-10-31,738.0,795.0,224.0,8.0,-68.0,875.0
2014-11-01,737.0,796.0,225.0,8.0,-65.0,877.0
2014-11-03,740.0,797.0,225.0,8.0,-65.0,879.0
2014-11-04,741.0,798.0,226.0,8.0,-67.0,883.0
2014-11-05,743.0,799.0,227.0,8.0,-70.0,884.0
2014-11-06,742.0,800.0,227.0,8.0,-67.0,884.0
2014-11-07,746.0,801.0,228.0,8.0,-70.0,884.0
2014-11-08,745.0,802.0,229.0,8.0,-69.0,887.0
2014-11-09,744.0,803.0,229.0,8.0,-69.0,888.0
2014-11-10,747.0,804.0,230.0,8.0,-73.0,891.0
2014-11-11,748.0,805.0,231.0,8.0,-70.0,893.0
2014-11-12,750.0,806.0,231.0,8.0,-69.0,893.0
2014-11-13,749.0,807.0,232.0,8.0,-71.0,892.0
2014-11-14,752.0,808.0,232.0,8.0,-67.0,893.0
2014-11-15,753.0,809.0,233.0,8.0,-70.0,895.0
2014-11-16,751.0,810.0,234.0,8.0,-69.0,897.0
2014-11-17,754.0,811.0,234.0,8.0,-71.0,900.0
2014-11-18,755.0,812.0,235.0,8.0,-75.0,902.0
2014-11-19,756.0,813.0,236.0,8.0,-67.0,904.0
2014-11-20,757.0,814.0,236.0,8.0,-68.0,902.0
2014-11-21,759.0,815.0,237.0,8.0,-69.0,905.0
2014-11-22,758.0,816.0,238.0,8.0,-74.0,909.0
2014-11-23,761.0,817.0,238.0,8.0,-69.0,913.0
2014-11-24,760.0,818.0,239.0,8.0,-68.0,914.0
2014-11-25,763.0,819.0,240.0,9.0,-71.0,913.0
2014-11-26,765.0,820.0,240.0,9.0,-68.0,910.0
2014-11-27,762.0,821.0,241.0,9.0,-68.0,910.0
2014-11-28,764.0,822.0,242.0,9.0,-71.0,911.0
2014-11-29,766.0,823.0,242.0,9.0,-69.0,912.0
2014-11-30,768.0,824.0,243.0,9.0,-67.0,914.0
2014-12-01,767.0,825.0,243.0,9.0,-67.0,914.0
2014-12-02,770.0,826.0,244.0,9.0,-68.0,914.0
2014-12-03,769.0,827.0,245.0,9.0,-68.0,911.0
2014-12-04,771.0,828.0,245.0,9.0,-71.0,914.0
2014-12-05,773.0,829.0,246.0,9.0,-71.0,914.0
2014-12-06,772.0,830.0,247.0,9.0,-68.0,918.0
2014-12-07,774.0,831.0,247.0,9.0,-68.0,920.0
2014-12-08,775.0,832.0,248.0,9.0,-68.0,924.0
2014-12-09,776.0,833.0,249.0,9.0,-69.0,923.0
2014-12-11,777.0,834.0,249.0,9.0,-68.0,918.0
2014-12-12,780.0,835.0,250.0,9.0,-69.0,917.0
2014-12-13,778.0,836.0,251.0,9.0,-69.0,916.0
2014-12-14,779.0,837.0,251.0,9.0,-69.0,916.0
2014-12-15,782.0,838.0,252.0,9.0,-69.0,917.0
2014-12-16,781.0,839.0,253.0,9.0,-70.0,917.0
2014-12-17,783.0,840.0,253.0,9.0,-74.0,913.0
2014-12-18,784.0,841.0,254.0,9.0,-75.0,914.0
2014-12-19,790.0,842.0,255.0,9.0,-69.0,914.0
2014-12-20,793.0,843.0,255.0,9.0,-69.0,916.0
2014-12-21,788.0,844.0,256.0,9.0,-68.0,917.0
2014-12-22,786.0,845.0,257.0,9.0,-73.0,920.0
2014-12-23,785.0,846.0,257.0,9.0,-74.0,925.0
2014-12-24,791.0,847.0,258.0,9.0,-69.0,918.0
2014-12-25,792.0,848.0,258.0,9.0,-69.0,918.0
2014-12-26,787.0,849.0,259.0,9.0,-69.0,918.0
2014-12-27,789.0,850.0,260.0,9.0,-68.0,918.0
2014-12-28,794.0,851.0,260.0,9.0,-68.0,919.0
2014-12-29,797.0,852.0,261.0,9.0,-73.0,916.0
2014-12-30,796.0,853.0,262.0,9.0,-67.0,913.0
2014-12-31,798.0,854.0,262.0,9.0,-66.0,910.0
2015-01-01,799.0,855.0,263.0,9.0,-69.0,912.0
2015-01-02,795.0,856.0,264.0,9.0,-68.0,912.0
2015-01-03,801.0,857.0,264.0,9.0,-76.0,911.0
2015-01-04,800.0,858.0,265.0,9.0,-73.0,913.0
2015-01-05,802.0,859.0,266.0,9.0,-72.0,915.0
2015-01-06,803.0,860.0,266.0,9.0,-69.0,916.0
2015-01-07,804.0,861.0,267.0,9.0,-70.0,917.0
2015-01-08,807.0,862.0,268.0,9.0,-70.0,917.0
2015-01-09,805.0,863.0,268.0,9.0,-72.0,916.0
2015-01-10,806.0,864.0,269.0,9.0,-70.0,914.0
2015-01-11,808.0,865.0,270.0,10.0,-70.0,913.0
2015-01-12,809.0,866.0,270.0,10.0,-71.0,911.0
2015-01-13,810.0,867.0,271.0,10.0,-71.0,910.0
2015-01-14,811.0,868.0,271.0,10.0,-71.0,908.0
2015-01-15,812.0,869.0,272.0,10.0,-72.0,906.0
2015-01-17,813.0,870.0,273.0,10.0,-74.0,909.0
2015-01-18,814.0,871.0,273.0,10.0,-70.0,903.0
2015-01-19,815.0,872.0,274.0,10.0,-72.0,902.0
2015-01-28,817.0,881.0,280.0,10.0,-73.0,899.0
2015-01-29,818.0,882.0,280.0,10.0,-76.0,901.0
2015-01-30,820.0,883.0,281.0,10.0,-74.0,897.0
2015-01-31,821.0,884.0,282.0,10.0,-71.0,897.0
2015-02-01,819.0,885.0,282.0,10.0,-71.0,895.0
2015-02-02,823.0,886.0,283.0,10.0,-73.0,894.0
2015-02-03,822.0,887.0,284.0,10.0,-73.0,897.0
2015-02-04,824.0,888.0,284.0,10.0,-70.0,896.0
2015-02-05,825.0,889.0,285.0,10.0,-70.0,895.0
2015-02-06,826.0,890.0,286.0,10.0,-72.0,892.0
2015-02-07,827.0,891.0,286.0,10.0,-72.0,892.0
2015-02-08,828.0,892.0,287.0,10.0,-71.0,892.0
2015-02-09,829.0,893.0,287.0,10.0,-72.0,890.0
2015-02-10,830.0,894.0,288.0,10.0,-75.0,891.0
2015-02-11,831.0,895.0,289.0,10.0,-72.0,889.0
2015-02-12,833.0,896.0,289.0,10.0,-70.0,888.0
2015-02-13,832.0,897.0,290.0,10.0,-72.0,884.0
2015-02-14,834.0,898.0,291.0,10.0,-72.0,883.0
2015-02-15,835.0,899.0,291.0,10.0,-75.0,881.0
2015-02-16,836.0,900.0,292.0,10.0,-70.0,883.0
2015-02-17,837.0,901.0,292.0,10.0,-71.0,885.0
2015-02-18,838.0,902.0,293.0,10.0,-68.0,883.0
2015-02-19,839.0,903.0,294.0,10.0,-71.0,882.0
2015-02-20,841.0,904.0,294.0,10.0,-71.0,878.0
2015-02-21,840.0,905.0,295.0,10.0,-71.0,880.0
2015-02-22,843.0,906.0,296.0,10.0,-76.0,878.0
2015-02-24,842.0,907.0,296.0,10.0,-75.0,879.0
2015-02-25,844.0,908.0,297.0,10.0,-71.0,883.0
2015-02-26,845.0,909.0,297.0,10.0,-70.0,878.0
2015-02-27,847.0,910.0,298.0,10.0,-73.0,878.0
2015-02-28,846.0,911.0,299.0,10.0,-70.0,874.0
2015-03-01,849.0,912.0,299.0,10.0,-75.0,875.0
2015-03-02,848.0,913.0,300.0,11.0,-71.0,871.0
2015-03-03,850.0,914.0,300.0,11.0,-71.0,874.0
2015-03-04,851.0,915.0,301.0,11.0,-71.0,878.0
2015-03-05,852.0,916.0,302.0,11.0,-71.0,872.0
2015-03-06,854.0,917.0,302.0,11.0,-76.0,871.0
2015-03-07,853.0,918.0,303.0,11.0,-71.0,867.0
2015-03-08,855.0,919.0,304.0,11.0,-74.0,870.0
2015-03-09,856.0,920.0,304.0,11.0,-72.0,868.0
2015-03-10,857.0,921.0,305.0,11.0,-70.0,867.0
2015-03-11,858.0,922.0,305.0,11.0,-73.0,870.0
2015-03-12,859.0,923.0,306.0,11.0,-72.0,867.0
2015-03-13,861.0,924.0,307.0,11.0,-74.0,867.0
2015-03-14,860.0,925.0,307.0,11.0,-71.0,862.0
2015-03-15,862.0,926.0,308.0,11.0,-76.0,864.0
2015-03-16,863.0,927.0,308.0,11.0,-76.0,862.0
2015-03-17,864.0,928.0,309.0,11.0,-72.0,862.0
2015-03-18,865.0,929.0,310.0,11.0,-75.0,866.0
2015-03-19,868.0,930.0,310.0,11.0,-75.0,865.0
2015-03-20,867.0,931.0,311.0,11.0,-69.0,864.0
2015-03-21,866.0,932.0,311.0,11.0,-71.0,859.0
2015-03-22,869.0,933.0,312.0,11.0,-71.0,863.0
2015-03-23,870.0,934.0,313.0,11.0,-73.0,858.0
2015-03-24,872.0,935.0,313.0,11.0,-75.0,862.0
2015-03-25,871.0,936.0,314.0,11.0,-72.0,865.0
2015-03-26,874.0,937.0,314.0,11.0,-73.0,863.0
2015-03-29,876.0,940.0,316.0,11.0,-73.0,861.0
2015-03-30,875.0,941.0,317.0,11.0,-74.0,857.0
2015-03-31,880.0,942.0,317.0,11.0,-74.0,857.0
2015-04-02,877.0,943.0,318.0,11.0,-73.0,854.0
2015-04-03,878.0,944.0,318.0,11.0,-70.0,852.0
2015-04-04,881.0,945.0,319.0,11.0,-72.0,851.0
2015-04-05,879.0,946.0,320.0,11.0,-77.0,850.0
2015-04-06,882.0,947.0,320.0,11.0,-70.0,853.0
2015-04-07,883.0,948.0,321.0,11.0,-73.0,854.0
2015-04-08,884.0,949.0,321.0,11.0,-72.0,851.0
2015-04-09,885.0,950.0,322.0,11.0,-73.0,850.0
2015-04-10,888.0,951.0,323.0,11.0,-75.0,849.0
2015-04-11,886.0,952.0,323.0,11.0,-69.0,847.0
2015-04-12,887.0,953.0,324.0,11.0,-71.0,847.0
2015-04-13,889.0,954.0,324.0,11.0,-73.0,847.0
2015-04-17,892.0,958.0,327.0,11.0,-74.0,848.0
2015-04-18,891.0,959.0,327.0,11.0,-78.0,846.0
2015-04-19,893.0,960.0,328.0,11.0,-76.0,846.0
2015-04-20,895.0,961.0,328.0,11.0,-71.0,849.0
2015-04-21,894.0,962.0,329.0,11.0,-73.0,845.0
2015-04-22,896.0,963.0,329.0,11.0,-71.0,850.0
2015-04-23,897.0,964.0,330.0,12.0,-72.0,847.0
2015-04-24,898.0,965.0,331.0,12.0,-75.0,847.0
2015-04-25,900.0,966.0,331.0,12.0,-73.0,850.0
2015-04-26,899.0,967.0,332.0,12.0,-74.0,844.0
2015-04-27,901.0,968.0,332.0,12.0,-71.0,848.0
2015-04-28,902.0,969.0,333.0,12.0,-72.0,844.0
2015-04-29,903.0,970.0,333.0,12.0,-71.0,849.0
2015-04-30,906.0,971.0,334.0,12.0,-71.0,848.0
2015-05-01,904.0,972.0,334.0,12.0,-73.0,847.0
2015-05-02,905.0,973.0,335.0,12.0,-72.0,844.0
2015-05-03,907.0,974.0,336.0,12.0,-73.0,842.0
2015-05-04,908.0,975.0,336.0,12.0,-73.0,843.0
2015-05-05,909.0,976.0,337.0,12.0,-75.0,842.0
2015-05-06,910.0,977.0,337.0,12.0,-75.0,841.0
2015-05-07,913.0,978.0,338.0,12.0,-73.0,842.0
2015-05-09,912.0,979.0,338.0,12.0,-79.0,841.0
2015-05-10,911.0,980.0,339.0,12.0,-73.0,840.0
2015-05-11,914.0,981.0,339.0,12.0,-73.0,841.0
2015-05-12,917.0,982.0,340.0,12.0,-74.0,840.0
2015-05-13,916.0,983.0,340.0,12.0,-76.0,840.0
2015-05-14,915.0,984.0,341.0,12.0,-74.0,840.0
2015-05-15,918.0,985.0,342.0,12.0,-78.0,840.0
2015-05-16,919.0,986.0,342.0,12.0,-74.0,840.0
2015-05-17,920.0,987.0,343.0,12.0,-74.0,839.0
2015-05-18,922.0,988.0,343.0,12.0,-75.0,840.0
2015-05-19,921.0,989.0,344.0,12.0,-74.0,841.0
2015-05-20,923.0,990.0,344.0,12.0,-76.0,839.0
2015-05-21,926.0,991.0,345.0,12.0,-73.0,840.0
2015-05-22,924.0,992.0,345.0,12.0,-73.0,842.0
2015-05-23,927.0,993.0,346.0,12.0,-73.0,840.0
2015-05-24,925.0,994.0,346.0,12.0,-79.0,842.0
2015-05-25,929.0,995.0,347.0,12.0,-74.0,842.0
2015-05-26,928.0,996.0,348.0,12.0,-72.0,842.0
2015-05-27,930.0,997.0,348.0,12.0,-74.0,843.0
2015-05-28,931.0,998.0,349.0,12.0,-73.0,842.0
2015-05-30,932.0,1000.0,350.0,12.0,-74.0,841.0
2015-05-31,933.0,1001.0,350.0,12.0,-79.0,843.0
2015-06-01,936.0,1002.0,351.0,12.0,-77.0,844.0
2015-06-02,934.0,1003.0,351.0,12.0,-74.0,843.0
2015-06-03,935.0,1004.0,352.0,12.0,-74.0,842.0
2015-06-04,939.0,1005.0,352.0,12.0,-75.0,843.0
2015-06-05,941.0,1006.0,353.0,12.0,-78.0,844.0
2015-06-06,937.0,1007.0,353.0,12.0,-79.0,845.0
2015-06-07,940.0,1008.0,354.0,12.0,-79.0,844.0
2015-06-08,946.0,1009.0,354.0,12.0,-75.0,845.0
2015-06-09,947.0,1010.0,355.0,12.0,-74.0,846.0
2015-06-10,948.0,1011.0,355.0,12.0,-78.0,845.0
2015-06-11,949.0,1012.0,356.0,12.0,-81.0,846.0
2015-06-12,953.0,1013.0,356.0,12.0,-80.0,846.0
2015-06-13,950.0,1014.0,357.0,12.0,-77.0,846.0
2015-06-14,951.0,1015.0,357.0,12.0,-75.0,847.0
2015-06-16,952.0,1016.0,358.0,12.0,-76.0,847.0
2015-06-17,955.0,1017.0,359.0,12.0,-78.0,850.0
2015-06-18,956.0,1018.0,359.0,12.0,-79.0,850.0
2015-06-19,954.0,1019.0,0.0,1.0,-81.0,849.0
2015-06-20,938.0,1020.0,0.0,1.0,-63.0,832.0
2015-06-21,942.0,1021.0,1.0,1.0,-76.0,850.0
2015-06-22,944.0,1022.0,1.0,1.0,-75.0,852.0
2015-06-23,943.0,1023.0,2.0,1.0,-76.0,851.0
2015-06-24,945.0,1024.0,2.0,1.0,-76.0,851.0
2015-06-25,958.0,1025.0,3.0,1.0,-74.0,851.0
2015-06-26,957.0,1026.0,3.0,1.0,-78.0,851.0
2015-06-28,960.0,1028.0,4.0,1.0,-75.0,853.0
2015-06-29,959.0,1029.0,5.0,1.0,-75.0,856.0
2015-06-30,961.0,1030.0,5.0,1.0,-77.0,855.0
2015-07-01,963.0,1031.0,6.0,1.0,-76.0,854.0
2015-07-02,962.0,1032.0,6.0,1.0,-74.0,854.0
2015-07-03,965.0,1033.0,7.0,1.0,-77.0,856.0
2015-07-04,964.0,1034.0,7.0,1.0,-76.0,859.0
2015-07-05,966.0,1035.0,8.0,1.0,-77.0,857.0
2015-07-06,967.0,1036.0,8.0,1.0,-76.0,856.0
2015-07-07,968.0,1037.0,9.0,1.0,-80.0,856.0
2015-07-08,969.0,1038.0,9.0,1.0,-76.0,858.0
2015-07-09,970.0,1039.0,10.0,1.0,-77.0,857.0
2015-07-10,972.0,1040.0,10.0,1.0,-77.0,858.0
2015-07-11,971.0,1041.0,11.0,1.0,-77.0,859.0
2015-07-12,973.0,1042.0,11.0,1.0,-76.0,859.0
2015-07-13,974.0,1043.0,12.0,1.0,-77.0,860.0
2015-07-14,975.0,1044.0,12.0,1.0,-79.0,860.0
2015-07-15,978.0,1045.0,13.0,1.0,-80.0,861.0
2015-07-16,979.0,1046.0,13.0,1.0,-77.0,862.0
2015-07-17,977.0,1047.0,14.0,1.0,-77.0,863.0
2015-07-18,976.0,1048.0,14.0,1.0,-78.0,864.0
2015-07-19,980.0,1049.0,15.0,1.0,-75.0,864.0
2015-07-20,981.0,1050.0,15.0,1.0,-76.0,863.0
2015-07-21,983.0,1051.0,16.0,1.0,-76.0,864.0
2015-07-23,982.0,1052.0,16.0,1.0,-78.0,865.0
2015-07-24,984.0,1053.0,17.0,1.0,-79.0,865.0
2015-07-25,985.0,1054.0,17.0,1.0,-77.0,867.0
2015-07-26,987.0,1055.0,17.0,1.0,-77.0,868.0
2015-07-27,986.0,1056.0,18.0,1.0,-76.0,868.0
2015-07-28,988.0,1057.0,18.0,1.0,-78.0,867.0
2015-07-29,989.0,1058.0,19.0,1.0,-78.0,868.0
2015-07-30,990.0,1059.0,19.0,1.0,-78.0,870.0
2015-07-31,992.0,1060.0,20.0,1.0,-78.0,870.0
2015-08-01,993.0,1061.0,20.0,1.0,-77.0,871.0
2015-08-02,991.0,1062.0,21.0,1.0,-77.0,871.0
2015-08-03,994.0,1063.0,21.0,1.0,-79.0,871.0
2015-08-04,996.0,1064.0,22.0,1.0,-77.0,871.0
2015-08-05,995.0,1065.0,22.0,1.0,-78.0,873.0
2015-08-06,997.0,1066.0,23.0,1.0,-78.0,875.0
2015-08-07,998.0,1067.0,23.0,1.0,-79.0,875.0
2015-08-08,1000.0,1068.0,24.0,1.0,-76.0,874.0
2015-08-09,999.0,1069.0,24.0,1.0,-77.0,876.0
2015-08-10,1001.0,1070.0,25.0,1.0,-80.0,877.0
2015-08-11,1002.0,1071.0,25.0,1.0,-78.0,878.0
2015-08-12,1003.0,1072.0,26.0,1.0,-78.0,879.0
2015-08-13,1004.0,1073.0,26.0,1.0,-82.0,879.0
2015-08-14,1005.0,1074.0,27.0,1.0,-77.0,878.0
2015-08-15,1006.0,1075.0,27.0,1.0,-77.0,879.0
2015-08-16,1007.0,1076.0,28.0,1.0,-81.0,880.0
2015-08-17,1008.0,1077.0,28.0,1.0,-79.0,880.0
2015-08-18,1009.0,1078.0,29.0,1.0,-80.0,881.0
2015-08-19,1010.0,1079.0,29.0,1.0,-80.0,882.0
2015-08-20,1013.0,1080.0,29.0,1.0,-77.0,882.0
2015-08-21,1011.0,1081.0,30.0,2.0,-77.0,882.0
2015-08-22,1012.0,1082.0,30.0,2.0,-79.0,882.0
2015-08-23,1014.0,1083.0,31.0,2.0,-80.0,883.0
2015-08-24,1015.0,1084.0,31.0,2.0,-78.0,885.0
2015-08-25,1017.0,1085.0,32.0,2.0,-79.0,886.0
2015-08-26,1016.0,1086.0,32.0,2.0,-77.0,885.0
2015-08-27,1019.0,1087.0,33.0,2.0,-78.0,885.0
2015-08-29,1020.0,1088.0,33.0,2.0,-77.0,885.0
2015-08-30,1018.0,1089.0,34.0,2.0,-76.0,885.0
2015-08-31,1021.0,1090.0,34.0,2.0,-78.0,886.0
2015-09-01,1022.0,1091.0,35.0,2.0,-77.0,886.0
2015-09-02,1023.0,1092.0,35.0,2.0,-79.0,886.0
2015-09-03,1024.0,1093.0,36.0,2.0,-77.0,887.0
2015-09-04,1026.0,1094.0,36.0,2.0,-80.0,888.0
2015-09-05,1027.0,1095.0,36.0,2.0,-79.0,888.0
2015-09-06,1025.0,1096.0,37.0,2.0,-79.0,888.0
2015-09-07,1028.0,1097.0,37.0,2.0,-78.0,889.0
2015-09-08,1029.0,1098.0,38.0,2.0,-77.0,890.0
2015-09-09,1030.0,1099.0,38.0,2.0,-78.0,891.0
2015-09-10,1031.0,1100.0,39.0,2.0,-79.0,890.0
2015-09-11,1034.0,1101.0,39.0,2.0,-80.0,891.0
2015-09-12,1032.0,1102.0,40.0,2.0,-84.0,892.0
2015-09-13,1033.0,1103.0,40.0,2.0,-81.0,893.0
2015-09-14,1035.0,1104.0,41.0,2.0,-79.0,893.0
2015-09-15,1036.0,1105.0,41.0,2.0,-78.0,892.0
2015-09-16,1037.0,1106.0,42.0,2.0,-82.0,893.0
2015-09-17,1040.0,1107.0,42.0,2.0,-79.0,893.0
2015-09-18,1038.0,1108.0,42.0,2.0,-78.0,895.0
2015-09-19,1039.0,1109.0,43.0,2.0,-82.0,895.0
2015-09-20,1041.0,1110.0,43.0,2.0,-81.0,895.0
2015-09-21,1042.0,1111.0,44.0,2.0,-79.0,896.0
2015-09-22,1043.0,1112.0,44.0,2.0,-80.0,895.0
2015-09-23,1044.0,1113.0,45.0,2.0,-79.0,895.0
2015-09-24,1045.0,1114.0,45.0,2.0,-79.0,896.0
2015-09-25,1047.0,1115.0,46.0,2.0,-80.0,897.0
2015-09-26,1046.0,1116.0,46.0,2.0,-79.0,898.0
2015-09-27,1048.0,1117.0,47.0,2.0,-79.0,898.0
2015-09-28,1049.0,1118.0,47.0,2.0,-80.0,898.0
2015-09-29,1050.0,1119.0,48.0,2.0,-81.0,899.0
2015-09-30,1051.0,1120.0,48.0,2.0,-80.0,900.0
2015-10-01,1052.0,1121.0,48.0,2.0,-81.0,901.0
2015-10-02,1053.0,1122.0,49.0,2.0,-79.0,901.0
2015-10-03,1054.0,1123.0,49.0,2.0,-79.0,900.0
2015-10-04,1055.0,1124.0,50.0,2.0,-80.0,900.0
2015-10-06,1056.0,1125.0,50.0,2.0,-79.0,900.0
2015-10-07,1057.0,1126.0,51.0,2.0,-79.0,901.0
2015-10-08,1058.0,1127.0,51.0,2.0,-80.0,901.0
2015-10-09,1059.0,1128.0,52.0,2.0,-79.0,902.0
2015-10-10,1060.0,1129.0,52.0,2.0,-80.0,902.0
2015-10-11,1061.0,1130.0,53.0,2.0,-81.0,902.0
2015-10-12,1062.0,1131.0,53.0,2.0,-81.0,902.0
2015-10-13,1063.0,1132.0,53.0,2.0,-82.0,902.0
2015-10-14,1064.0,1133.0,54.0,2.0,-82.0,902.0
2015-10-15,1065.0,1134.0,54.0,2.0,-80.0,902.0
2015-10-16,1069.0,1135.0,55.0,2.0,-81.0,901.0
2015-10-17,1066.0,1136.0,55.0,2.0,-82.0,901.0
2015-10-18,1068.0,1137.0,56.0,2.0,-81.0,901.0
2015-10-19,1067.0,1138.0,56.0,2.0,-82.0,901.0
2015-10-20,1070.0,1139.0,57.0,2.0,-80.0,901.0
2015-10-21,1071.0,1140.0,57.0,2.0,-81.0,901.0
2015-10-22,1072.0,1141.0,57.0,2.0,-82.0,902.0
2015-10-23,1073.0,1142.0,58.0,2.0,-82.0,902.0
2015-10-24,1074.0,1143.0,58.0,2.0,-82.0,901.0
2015-10-25,1075.0,1144.0,59.0,2.0,-82.0,902.0
2015-10-26,1076.0,1145.0,59.0,2.0,-82.0,903.0
2015-10-27,1077.0,1146.0,60.0,3.0,-82.0,902.0
2015-10-28,1078.0,1147.0,60.0,3.0,-80.0,901.0
2015-10-29,1080.0,1148.0,61.0,3.0,-80.0,901.0
2015-10-30,1079.0,1149.0,61.0,3.0,-81.0,902.0
2015-10-31,1081.0,1150.0,62.0,3.0,-82.0,902.0
2015-11-01,1082.0,1151.0,62.0,3.0,-82.0,901.0
2015-11-02,1086.0,1152.0,62.0,3.0,-80.0,901.0
2015-11-03,1083.0,1153.0,63.0,3.0,-82.0,900.0
2015-11-04,1088.0,1154.0,63.0,3.0,-84.0,900.0
2015-11-05,1084.0,1155.0,64.0,3.0,-84.0,900.0
2015-11-06,1085.0,1156.0,64.0,3.0,-84.0,900.0
2015-11-07,1087.0,1157.0,65.0,3.0,-82.0,900.0
2015-11-08,1089.0,1158.0,65.0,3.0,-82.0,898.0
2015-11-09,1090.0,1159.0,66.0,3.0,-82.0,898.0
2015-11-10,1091.0,1160.0,66.0,3.0,-80.0,899.0
2015-11-12,1092.0,1161.0,66.0,3.0,-83.0,898.0
2015-11-13,1093.0,1162.0,67.0,3.0,-84.0,897.0
2015-11-14,1094.0,1163.0,67.0,3.0,-86.0,896.0
2015-11-15,1095.0,1164.0,68.0,3.0,-86.0,896.0
2015-11-16,1096.0,1165.0,68.0,3.0,-84.0,897.0
2015-11-17,1097.0,1166.0,69.0,3.0,-84.0,895.0
2015-11-18,1098.0,1167.0,69.0,3.0,-84.0,894.0
2015-11-19,1102.0,1168.0,70.0,3.0,-84.0,894.0
2015-11-20,1100.0,1169.0,70.0,3.0,-89.0,894.0
2015-11-21,1101.0,1170.0,71.0,3.0,-85.0,893.0
2015-11-22,1099.0,1171.0,71.0,3.0,-87.0,892.0
2015-11-23,1104.0,1172.0,71.0,3.0,-87.0,892.0
2015-11-24,1103.0,1173.0,72.0,3.0,-87.0,892.0
2015-11-25,1105.0,1174.0,72.0,3.0,-85.0,891.0
2015-11-26,1106.0,1175.0,73.0,3.0,-85.0,890.0
2015-11-27,1107.0,1176.0,73.0,3.0,-84.0,890.0
2015-11-28,1108.0,1177.0,74.0,3.0,-84.0,888.0
2015-11-29,1109.0,1178.0,74.0,3.0,-86.0,888.0
2015-11-30,1110.0,1179.0,75.0,3.0,-85.0,887.0
2015-12-01,1111.0,1180.0,75.0,3.0,-86.0,886.0
2015-12-02,1112.0,1181.0,75.0,3.0,-86.0,885.0
2015-12-03,1114.0,1182.0,76.0,3.0,-85.0,884.0
2015-12-04,1113.0,1183.0,76.0,3.0,-86.0,883.0
2015-12-05,1115.0,1184.0,77.0,3.0,-85.0,882.0
2015-12-06,1116.0,1185.0,77.0,3.0,-84.0,881.0
2015-12-07,1117.0,1186.0,78.0,3.0,-86.0,881.0
2015-12-08,1118.0,1187.0,78.0,3.0,-84.0,881.0
2015-12-09,1119.0,1188.0,79.0,3.0,-90.0,881.0
2015-12-10,1120.0,1189.0,79.0,3.0,-87.0,879.0
2015-12-11,1121.0,1190.0,79.0,3.0,-87.0,877.0
2015-12-12,1122.0,1191.0,80.0,3.0,-87.0,876.0
2015-12-13,1123.0,1192.0,80.0,3.0,-86.0,876.0
2015-12-14,1124.0,1193.0,81.0,3.0,-84.0,875.0
2015-12-15,1125.0,1194.0,81.0,3.0,-84.0,873.0
2015-12-16,1126.0,1195.0,82.0,3.0,-86.0,872.0
2015-12-17,1129.0,1196.0,82.0,3.0,-86.0,871.0
2015-12-18,1127.0,1197.0,83.0,3.0,-85.0,869.0
2015-12-20,1128.0,1198.0,83.0,3.0,-86.0,868.0
2015-12-21,1130.0,1199.0,84.0,3.0,-86.0,868.0
2015-12-22,1131.0,1200.0,84.0,3.0,-84.0,866.0
2015-12-23,1132.0,1201.0,84.0,3.0,-85.0,866.0
2015-12-24,1133.0,1202.0,85.0,3.0,-85.0,864.0
2015-12-25,1136.0,1203.0,85.0,3.0,-85.0,863.0
2015-12-26,1135.0,1204.0,86.0,3.0,-84.0,862.0
2015-12-27,1134.0,1205.0,86.0,3.0,-86.0,861.0
2015-12-28,1137.0,1206.0,87.0,3.0,-85.0,859.0
2015-12-29,1138.0,1207.0,87.0,3.0,-85.0,858.0
2015-12-30,1139.0,1208.0,88.0,3.0,-85.0,857.0
2015-12-31,1141.0,1209.0,88.0,3.0,-85.0,855.0
2016-01-01,1140.0,1210.0,88.0,3.0,-85.0,854.0
2016-01-02,1142.0,1211.0,89.0,3.0,-83.0,853.0
2016-01-03,1143.0,1212.0,89.0,3.0,-86.0,851.0
2016-01-04,1145.0,1213.0,90.0,4.0,-84.0,851.0
2016-01-05,1144.0,1214.0,90.0,4.0,-85.0,849.0
2016-01-06,1146.0,1215.0,91.0,4.0,-85.0,848.0
2016-01-07,1147.0,1216.0,91.0,4.0,-86.0,847.0
2016-01-08,1148.0,1217.0,92.0,4.0,-88.0,846.0
2016-01-09,1149.0,1218.0,92.0,4.0,-86.0,845.0
2016-01-10,1150.0,1219.0,93.0,4.0,-87.0,844.0
2016-01-11,1151.0,1220.0,93.0,4.0,-87.0,842.0
2016-01-12,1152.0,1221.0,93.0,4.0,-87.0,841.0
2016-01-13,1153.0,1222.0,94.0,4.0,-87.0,840.0
2016-01-14,1155.0,1223.0,94.0,4.0,-88.0,839.0
2016-01-15,1154.0,1224.0,95.0,4.0,-88.0,837.0
2016-01-16,1156.0,1225.0,95.0,4.0,-87.0,836.0
2016-01-17,1157.0,1226.0,96.0,4.0,-87.0,835.0
2016-01-18,1158.0,1227.0,96.0,4.0,-88.0,833.0
2016-01-19,1159.0,1228.0,97.0,4.0,-88.0,832.0
2016-01-20,1160.0,1229.0,97.0,4.0,-88.0,831.0
2016-01-21,1161.0,1230.0,98.0,4.0,-88.0,830.0
2016-01-22,1162.0,1231.0,98.0,4.0,-88.0,828.0
2016-01-23,1163.0,1232.0,99.0,4.0,-88.0,827.0
2016-01-24,1164.0,1233.0,99.0,4.0,-88.0,826.0
2016-01-26,1166.0,1234.0,99.0,4.0,-88.0,824.0
2016-01-27,1165.0,1235.0,100.0,4.0,-88.0,824.0
2016-01-28,1170.0,1236.0,100.0,4.0,-87.0,822.0
2016-01-29,1169.0,1237.0,101.0,4.0,-88.0,820.0
2016-01-30,1167.0,1238.0,101.0,4.0,-87.0,819.0
2016-01-31,1168.0,1239.0,102.0,4.0,-89.0,818.0
2016-02-01,1171.0,1240.0,102.0,4.0,-87.0,816.0
2016-02-02,1172.0,1241.0,103.0,4.0,-87.0,816.0
2016-02-03,1173.0,1242.0,103.0,4.0,-87.0,815.0
2016-02-04,1174.0,1243.0,104.0,4.0,-86.0,814.0
2016-02-05,1175.0,1244.0,104.0,4.0,-85.0,812.0
2016-02-06,1176.0,1245.0,105.0,4.0,-86.0,811.0
2016-02-07,1178.0,1246.0,105.0,4.0,-85.0,810.0
2016-02-08,1177.0,1247.0,105.0,4.0,-85.0,809.0
2016-02-09,1179.0,1248.0,106.0,4.0,-86.0,807.0
2016-02-10,1180.0,1249.0,106.0,4.0,-85.0,806.0
2016-02-11,1182.0,1250.0,107.0,4.0,-85.0,804.0
2016-02-12,1185.0,1251.0,107.0,4.0,-85.0,803.0
2016-02-13,1184.0,1252.0,108.0,4.0,-85.0,802.0
2016-02-14,1181.0,1253.0,108.0,4.0,-85.0,800.0
2016-02-15,1183.0,1254.0,109.0,4.0,-84.0,799.0
2016-02-16,1187.0,1255.0,109.0,4.0,-84.0,798.0
2016-02-17,1186.0,1256.0,110.0,4.0,-84.0,797.0
2016-02-18,1188.0,1257.0,110.0,4.0,-84.0,794.0
2016-02-19,1189.0,1258.0,111.0,4.0,-83.0,794.0
2016-02-20,1190.0,1259.0,111.0,4.0,-84.0,794.0
2016-02-21,1191.0,1260.0,112.0,4.0,-83.0,792.0
2016-02-22,1192.0,1261.0,112.0,4.0,-81.0,790.0
2016-02-23,1193.0,1262.0,112.0,4.0,-81.0,790.0
2016-02-24,1194.0,1263.0,113.0,4.0,-84.0,788.0
2016-02-25,1195.0,1264.0,113.0,4.0,-84.0,787.0
2016-02-26,1197.0,1265.0,114.0,4.0,-81.0,787.0
2016-02-27,1196.0,1266.0,114.0,4.0,-82.0,787.0
2016-02-28,1198.0,1267.0,115.0,4.0,-83.0,786.0
2016-02-29,1199.0,1268.0,115.0,4.0,-83.0,784.0
2016-03-01,1201.0,1269.0,116.0,4.0,-83.0,782.0
2016-03-03,1200.0,1270.0,116.0,4.0,-82.0,782.0
2016-03-04,1202.0,1271.0,117.0,4.0,-84.0,781.0
2016-03-05,1203.0,1272.0,117.0,4.0,-81.0,780.0
2016-03-06,1204.0,1273.0,118.0,4.0,-79.0,778.0
2016-03-07,1205.0,1274.0,118.0,4.0,-82.0,777.0
2016-03-08,1206.0,1275.0,119.0,4.0,-82.0,775.0
2016-03-09,1207.0,1276.0,119.0,4.0,-83.0,774.0
2016-03-10,1208.0,1277.0,120.0,5.0,-84.0,774.0
2016-03-11,1210.0,1278.0,120.0,5.0,-83.0,773.0
2016-03-12,1209.0,1279.0,121.0,5.0,-83.0,772.0
2016-03-13,1211.0,1280.0,121.0,5.0,-84.0,771.0
2016-03-14,1212.0,1281.0,122.0,5.0,-83.0,769.0
2016-03-15,1213.0,1282.0,122.0,5.0,-81.0,768.0
2016-03-16,1214.0,1283.0,123.0,5.0,-82.0,767.0
2016-03-17,1216.0,1284.0,123.0,5.0,-80.0,767.0
2016-03-18,1217.0,1285.0,123.0,5.0,-80.0,766.0
2016-03-19,1215.0,1286.0,124.0,5.0,-80.0,765.0
2016-03-20,1218.0,1287.0,124.0,5.0,-80.0,764.0
2016-03-21,1219.0,1288.0,125.0,5.0,-80.0,763.0
2016-03-24,1220.0,1291.0,126.0,5.0,-80.0,760.0
2016-03-25,1222.0,1292.0,127.0,5.0,-81.0,760.0
2016-03-26,1221.0,1293.0,127.0,5.0,-81.0,758.0
2016-03-27,1223.0,1294.0,128.0,5.0,-79.0,758.0
2016-03-28,1224.0,1295.0,128.0,5.0,-79.0,757.0
2016-03-29,1226.0,1296.0,129.0,5.0,-79.0,756.0
2016-03-30,1225.0,1297.0,129.0,5.0,-80.0,755.0
2016-03-31,1229.0,1298.0,130.0,5.0,-79.0,755.0
2016-04-01,1228.0,1299.0,130.0,5.0,-80.0,753.0
2016-04-02,1227.0,1300.0,131.0,5.0,-79.0,752.0
2016-04-03,1230.0,1301.0,131.0,5.0,-78.0,752.0
2016-04-04,1231.0,1302.0,132.0,5.0,-80.0,751.0
2016-04-05,1232.0,1303.0,132.0,5.0,-78.0,751.0
2016-04-06,1233.0,1304.0,133.0,5.0,-80.0,750.0
2016-04-07,1235.0,1305.0,133.0,5.0,-80.0,749.0
2016-04-08,1234.0,1306.0,134.0,5.0,-79.0,748.0
2016-04-10,1236.0,1307.0,134.0,5.0,-80.0,748.0
2016-04-11,1237.0,1308.0,135.0,5.0,-81.0,748.0
2016-04-12,1238.0,1309.0,135.0,5.0,-81.0,747.0
2016-04-13,1239.0,1310.0,136.0,5.0,-76.0,745.0
2016-04-14,1240.0,1311.0,136.0,5.0,-78.0,745.0
2016-04-15,1243.0,1312.0,137.0,5.0,-77.0,745.0
2016-04-16,1241.0,1313.0,137.0,5.0,-77.0,745.0
2016-04-17,1242.0,1314.0,138.0,5.0,-78.0,744.0
2016-04-18,1244.0,1315.0,138.0,5.0,-77.0,744.0
2016-04-19,1245.0,1316.0,139.0,5.0,-80.0,744.0
2016-04-20,1246.0,1317.0,139.0,5.0,-80.0,743.0
2016-04-21,1247.0,1318.0,140.0,5.0,-80.0,743.0
2016-04-22,1248.0,1319.0,140.0,5.0,-78.0,742.0
2016-04-23,1250.0,1320.0,141.0,5.0,-77.0,741.0
2016-04-24,1249.0,1321.0,141.0,5.0,-77.0,740.0
2016-04-25,1251.0,1322.0,142.0,5.0,-78.0,740.0
2016-04-26,1252.0,1323.0,142.0,5.0,-77.0,738.0
2016-04-27,1253.0,1324.0,143.0,5.0,-78.0,738.0
2016-04-28,1256.0,1325.0,144.0,5.0,-78.0,738.0
2016-04-29,1254.0,1326.0,144.0,5.0,-77.0,738.0
2016-04-30,1255.0,1327.0,145.0,5.0,-76.0,736.0
2016-05-01,1257.0,1328.0,145.0,5.0,-77.0,735.0
2016-05-02,1258.0,1329.0,146.0,5.0,-74.0,735.0
2016-05-03,1259.0,1330.0,146.0,5.0,-78.0,734.0
2016-05-04,1260.0,1331.0,147.0,5.0,-76.0,734.0
2016-05-05,1262.0,1332.0,147.0,5.0,-78.0,734.0
2016-05-06,1263.0,1333.0,148.0,5.0,-76.0,733.0
2016-05-07,1261.0,1334.0,148.0,5.0,-77.0,732.0
2016-05-08,1264.0,1335.0,149.0,5.0,-77.0,732.0
2016-05-09,1265.0,1336.0,149.0,5.0,-75.0,732.0
2016-05-10,1266.0,1337.0,150.0,6.0,-76.0,734.0
2016-05-11,1267.0,1338.0,150.0,6.0,-75.0,734.0
2016-05-12,1268.0,1339.0,151.0,6.0,-77.0,733.0
2016-05-13,1269.0,1340.0,151.0,6.0,-76.0,734.0
2016-05-14,1270.0,1341.0,152.0,6.0,-76.0,735.0
2016-05-15,1271.0,1342.0,152.0,6.0,-80.0,735.0
2016-05-17,1272.0,1343.0,153.0,6.0,-74.0,735.0
2016-05-18,1273.0,1344.0,153.0,6.0,-75.0,734.0
2016-05-19,1276.0,1345.0,154.0,6.0,-75.0,735.0
2016-05-20,1274.0,1346.0,155.0,6.0,-75.0,737.0
2016-05-21,1277.0,1347.0,155.0,6.0,-75.0,736.0
2016-05-22,1275.0,1348.0,156.0,6.0,-76.0,735.0
2016-05-23,1278.0,1349.0,156.0,6.0,-73.0,737.0
2016-05-24,1279.0,1350.0,157.0,6.0,-73.0,738.0
2016-05-25,1280.0,1351.0,157.0,6.0,-72.0,739.0
2016-05-26,1283.0,1352.0,158.0,6.0,-73.0,736.0
2016-05-27,1281.0,1353.0,158.0,6.0,-76.0,737.0
2016-05-28,1282.0,1354.0,159.0,6.0,-75.0,739.0
2016-05-29,1284.0,1355.0,159.0,6.0,-75.0,740.0
2016-05-30,1286.0,1356.0,160.0,6.0,-74.0,739.0
2016-05-31,1285.0,1357.0,160.0,6.0,-72.0,738.0
2016-06-01,1287.0,1358.0,161.0,6.0,-74.0,738.0
2016-06-02,1288.0,1359.0,162.0,6.0,-76.0,739.0
2016-06-03,1289.0,1360.0,162.0,6.0,-76.0,739.0
2016-06-04,1290.0,1361.0,163.0,6.0,-75.0,739.0
2016-06-05,1291.0,1362.0,163.0,6.0,-74.0,739.0
2016-06-06,1292.0,1363.0,164.0,6.0,-75.0,740.0
2016-06-07,1293.0,1364.0,164.0,6.0,-74.0,740.0
2016-06-08,1294.0,1365.0,165.0,6.0,-74.0,739.0
2016-06-09,1295.0,1366.0,165.0,6.0,-75.0,740.0
2016-06-10,1296.0,1367.0,166.0,6.0,-74.0,743.0
2016-06-11,1297.0,1368.0,167.0,6.0,-74.0,743.0
2016-06-12,1299.0,1369.0,167.0,6.0,-73.0,742.0
2016-06-13,1298.0,1370.0,168.0,6.0,-74.0,744.0
2016-06-14,1301.0,1371.0,168.0,6.0,-75.0,746.0
2016-06-15,1300.0,1372.0,169.0,6.0,-74.0,745.0
2016-06-16,1303.0,1373.0,169.0,6.0,-74.0,746.0
2016-06-17,1302.0,1374.0,170.0,6.0,-75.0,748.0
2016-06-18,1304.0,1375.0,170.0,6.0,-73.0,749.0
2016-06-19,1305.0,1376.0,171.0,6.0,-75.0,749.0
2016-06-20,1306.0,1377.0,172.0,6.0,-76.0,749.0
2016-06-21,1308.0,1378.0,172.0,6.0,-76.0,751.0
2016-06-23,1307.0,1379.0,173.0,6.0,-77.0,751.0
2016-06-24,1311.0,1380.0,173.0,6.0,-74.0,751.0
2016-06-25,1309.0,1381.0,174.0,6.0,-73.0,751.0
2016-06-26,1310.0,1382.0,174.0,6.0,-76.0,752.0
2016-06-27,1312.0,1383.0,175.0,6.0,-73.0,752.0
2016-06-28,1313.0,1384.0,176.0,6.0,-74.0,753.0
2016-06-29,1314.0,1385.0,176.0,6.0,-75.0,755.0
2016-06-30,1315.0,1386.0,177.0,6.0,-74.0,755.0
2016-07-01,1316.0,1387.0,177.0,6.0,-74.0,755.0
2016-07-02,1317.0,1388.0,178.0,6.0,-73.0,756.0
2016-07-12,1318.0,1398.0,184.0,7.0,-66.0,751.0
2016-07-13,1319.0,1399.0,184.0,7.0,-73.0,770.0
2016-07-14,1322.0,1400.0,185.0,7.0,-73.0,770.0
2016-07-15,1321.0,1401.0,185.0,7.0,-73.0,770.0
2016-07-16,1320.0,1402.0,186.0,7.0,-75.0,771.0
2016-07-17,1323.0,1403.0,187.0,7.0,-75.0,771.0
2016-07-18,1324.0,1404.0,187.0,7.0,-75.0,774.0
2016-07-19,1325.0,1405.0,188.0,7.0,-75.0,775.0
2016-07-20,1328.0,1406.0,188.0,7.0,-76.0,775.0
2016-07-21,1329.0,1407.0,189.0,7.0,-74.0,779.0
2016-07-22,1327.0,1408.0,190.0,7.0,-75.0,779.0
2016-07-23,1326.0,1409.0,190.0,7.0,-74.0,781.0
2016-07-24,1330.0,1410.0,191.0,7.0,-72.0,782.0
2016-07-25,1331.0,1411.0,191.0,7.0,-72.0,782.0
2016-07-26,1333.0,1412.0,192.0,7.0,-78.0,784.0
2016-07-27,1332.0,1413.0,193.0,7.0,-72.0,784.0
2016-07-28,1336.0,1414.0,193.0,7.0,-73.0,785.0
2016-07-29,1334.0,1415.0,194.0,7.0,-72.0,787.0
2016-07-31,1335.0,1416.0,194.0,7.0,-72.0,791.0
2016-08-01,1337.0,1417.0,195.0,7.0,-70.0,791.0
2016-08-02,1338.0,1418.0,196.0,7.0,-73.0,793.0
2016-08-03,1339.0,1419.0,196.0,7.0,-73.0,793.0
2016-08-04,1340.0,1420.0,197.0,7.0,-71.0,793.0
2016-08-05,1343.0,1421.0,197.0,7.0,-72.0,797.0
2016-08-06,1342.0,1422.0,198.0,7.0,-72.0,798.0
2016-08-07,1341.0,1423.0,199.0,7.0,-71.0,800.0
2016-08-08,1344.0,1424.0,199.0,7.0,-72.0,803.0
2016-08-09,1345.0,1425.0,200.0,7.0,-72.0,804.0
2016-08-10,1346.0,1426.0,200.0,7.0,-71.0,803.0
2016-08-11,1347.0,1427.0,201.0,7.0,-72.0,807.0
2016-08-12,1348.0,1428.0,202.0,7.0,-72.0,808.0
2016-08-13,1349.0,1429.0,202.0,7.0,-70.0,810.0
2016-08-14,1351.0,1430.0,203.0,7.0,-69.0,810.0
2016-08-15,1350.0,1431.0,204.0,7.0,-69.0,811.0
2016-08-16,1352.0,1432.0,204.0,7.0,-71.0,813.0
2016-08-17,1353.0,1433.0,205.0,7.0,-70.0,818.0
2016-08-18,1356.0,1434.0,205.0,7.0,-70.0,818.0
2016-08-19,1355.0,1435.0,206.0,7.0,-71.0,823.0
2016-08-20,1354.0,1436.0,207.0,7.0,-72.0,825.0
2016-08-21,1357.0,1437.0,207.0,7.0,-71.0,821.0
2016-08-22,1358.0,1438.0,208.0,7.0,-68.0,823.0
2016-08-23,1360.0,1439.0,208.0,7.0,-71.0,828.0
2016-08-24,1359.0,1440.0,209.0,7.0,-70.0,828.0
2016-08-25,1361.0,1441.0,210.0,8.0,-74.0,828.0
2016-08-26,1362.0,1442.0,210.0,8.0,-68.0,829.0
2016-08-27,1363.0,1443.0,211.0,8.0,-69.0,831.0
2016-08-28,1364.0,1444.0,212.0,8.0,-69.0,833.0
2016-08-29,1365.0,1445.0,212.0,8.0,-69.0,836.0
2016-08-30,1366.0,1446.0,213.0,8.0,-70.0,841.0
2016-08-31,1367.0,1447.0,214.0,8.0,-74.0,841.0
2016-09-01,1369.0,1448.0,214.0,8.0,-69.0,841.0
2016-09-02,1368.0,1449.0,215.0,8.0,-71.0,841.0
2016-09-03,1370.0,1450.0,215.0,8.0,-69.0,842.0
2016-09-04,1371.0,1451.0,216.0,8.0,-71.0,842.0
2016-09-06,1373.0,1452.0,217.0,8.0,-74.0,845.0
2016-09-07,1372.0,1453.0,217.0,8.0,-73.0,850.0
2016-09-08,1374.0,1454.0,218.0,8.0,-69.0,854.0
2016-09-09,1377.0,1455.0,219.0,8.0,-70.0,858.0
2016-09-10,1376.0,1456.0,219.0,8.0,-69.0,859.0
2016-09-11,1375.0,1457.0,220.0,8.0,-69.0,860.0
2016-09-12,1378.0,1458.0,220.0,8.0,-69.0,859.0
2016-09-13,1379.0,1459.0,221.0,8.0,-71.0,861.0
2016-09-14,1380.0,1460.0,222.0,8.0,-70.0,865.0
2016-09-15,1382.0,1461.0,222.0,8.0,-69.0,870.0
2016-09-16,1381.0,1462.0,223.0,8.0,-68.0,871.0
2016-09-17,1383.0,1463.0,224.0,8.0,-68.0,871.0
2016-09-18,1384.0,1464.0,224.0,8.0,-71.0,871.0
2016-09-19,1385.0,1465.0,225.0,8.0,-68.0,870.0
2016-09-20,1386.0,1466.0,226.0,8.0,-67.0,873.0
2016-09-21,1387.0,1467.0,226.0,8.0,-69.0,877.0
2016-09-22,1388.0,1468.0,227.0,8.0,-70.0,879.0
2016-09-23,1389.0,1469.0,228.0,8.0,-72.0,881.0
2016-09-24,1391.0,1470.0,228.0,8.0,-70.0,879.0
2016-09-25,1392.0,1471.0,229.0,8.0,-71.0,880.0
2016-09-26,1390.0,1472.0,229.0,8.0,-68.0,879.0
2016-09-27,1393.0,1473.0,230.0,8.0,-67.0,881.0
2016-09-28,1394.0,1474.0,231.0,8.0,-68.0,889.0
2016-09-29,1396.0,1475.0,231.0,8.0,-72.0,890.0
2016-09-30,1395.0,1476.0,232.0,8.0,-69.0,888.0
2016-10-01,1397.0,1477.0,233.0,8.0,-72.0,888.0
2016-10-02,1399.0,1478.0,233.0,8.0,-68.0,887.0
2016-10-03,1398.0,1479.0,234.0,8.0,-66.0,890.0
2016-10-04,1400.0,1480.0,235.0,8.0,-68.0,893.0
2016-10-05,1401.0,1481.0,235.0,8.0,-70.0,893.0
2016-10-06,1403.0,1482.0,236.0,8.0,-68.0,893.0
2016-10-07,1402.0,1483.0,237.0,8.0,-68.0,892.0
2016-10-08,1404.0,1484.0,237.0,8.0,-68.0,895.0
2016-10-09,1405.0,1485.0,238.0,8.0,-71.0,899.0
2016-10-10,1406.0,1486.0,239.0,8.0,-71.0,901.0
2016-10-11,1407.0,1487.0,239.0,8.0,-68.0,901.0
2016-10-12,1408.0,1488.0,240.0,9.0,-69.0,902.0
2016-10-14,1410.0,1489.0,240.0,9.0,-68.0,903.0
2016-10-15,1411.0,1490.0,241.0,9.0,-66.0,904.0
2016-10-16,1409.0,1491.0,242.0,9.0,-69.0,906.0
2016-10-17,1412.0,1492.0,242.0,9.0,-68.0,910.0
2016-10-18,1413.0,1493.0,243.0,9.0,-70.0,905.0
2016-10-19,1414.0,1494.0,244.0,9.0,-70.0,904.0
2016-10-20,1416.0,1495.0,244.0,9.0,-71.0,903.0
2016-10-21,1415.0,1496.0,245.0,9.0,-72.0,906.0
2016-10-22,1417.0,1497.0,246.0,9.0,-68.0,909.0
2016-10-23,1418.0,1498.0,246.0,9.0,-68.0,907.0
2016-10-24,1419.0,1499.0,247.0,9.0,-69.0,903.0
2016-10-25,1420.0,1500.0,248.0,9.0,-70.0,903.0
2016-10-26,1421.0,1501.0,248.0,9.0,-69.0,903.0
2016-10-27,1422.0,1502.0,249.0,9.0,-69.0,907.0
2016-10-28,1424.0,1503.0,250.0,9.0,-70.0,909.0
2016-10-29,1423.0,1504.0,250.0,9.0,-69.0,910.0
2016-10-30,1425.0,1505.0,251.0,9.0,-69.0,906.0
2016-10-31,1426.0,1506.0,252.0,9.0,-71.0,907.0
2016-11-01,1427.0,1507.0,252.0,9.0,-70.0,907.0
2016-11-02,1428.0,1508.0,253.0,9.0,-70.0,907.0
2016-11-03,1430.0,1509.0,254.0,9.0,-70.0,910.0
2016-11-04,1431.0,1510.0,254.0,9.0,-70.0,908.0
2016-11-05,1429.0,1511.0,255.0,9.0,-77.0,908.0
2016-11-06,1432.0,1512.0,255.0,9.0,-78.0,906.0
2016-11-07,1433.0,1513.0,256.0,9.0,-74.0,907.0
2016-11-08,1434.0,1514.0,257.0,9.0,-73.0,906.0
2016-11-09,1435.0,1515.0,257.0,9.0,-76.0,906.0
2016-11-10,1436.0,1516.0,258.0,9.0,-71.0,909.0
2016-11-11,1437.0,1517.0,259.0,9.0,-76.0,911.0
2016-11-12,1438.0,1518.0,259.0,9.0,-78.0,909.0
2016-11-13,1440.0,1519.0,260.0,9.0,-72.0,906.0
2016-11-14,1439.0,1520.0,261.0,9.0,-73.0,905.0
2016-11-15,1441.0,1521.0,261.0,9.0,-71.0,905.0
2016-11-16,1442.0,1522.0,262.0,9.0,-71.0,905.0
2016-11-17,1443.0,1523.0,263.0,9.0,-77.0,905.0
2016-11-18,1444.0,1524.0,263.0,9.0,-76.0,904.0
2016-11-20,1445.0,1525.0,264.0,9.0,-74.0,902.0
2016-11-21,1446.0,1526.0,265.0,9.0,-72.0,900.0
2016-11-22,1449.0,1527.0,265.0,9.0,-71.0,900.0
2016-11-23,1450.0,1528.0,266.0,9.0,-72.0,898.0
2016-11-24,1451.0,1529.0,267.0,9.0,-73.0,900.0
2016-11-25,1452.0,1530.0,267.0,9.0,-71.0,899.0
2016-11-26,1447.0,1531.0,268.0,9.0,-76.0,900.0
2016-11-27,1448.0,1532.0,268.0,9.0,-72.0,900.0
2016-11-28,1453.0,1533.0,269.0,9.0,-72.0,896.0
2016-11-29,1454.0,1534.0,270.0,10.0,-73.0,898.0
2016-11-30,1455.0,1535.0,270.0,10.0,-73.0,900.0
2016-12-01,1456.0,1536.0,271.0,10.0,-71.0,901.0
2016-12-02,1458.0,1537.0,272.0,10.0,-74.0,900.0
2016-12-03,1457.0,1538.0,272.0,10.0,-73.0,898.0
2016-12-04,1459.0,1539.0,273.0,10.0,-74.0,896.0
2016-12-05,1460.0,1540.0,274.0,10.0,-72.0,896.0
2016-12-06,1461.0,1541.0,274.0,10.0,-76.0,895.0
2016-12-07,1462.0,1542.0,275.0,10.0,-73.0,895.0
2016-12-08,1464.0,1543.0,276.0,10.0,-74.0,896.0
2016-12-09,1463.0,1544.0,276.0,10.0,-71.0,894.0
2016-12-10,1465.0,1545.0,277.0,10.0,-73.0,891.0
2016-12-11,1467.0,1546.0,277.0,10.0,-73.0,889.0
2016-12-12,1466.0,1547.0,278.0,10.0,-75.0,887.0
2016-12-13,1468.0,1548.0,279.0,10.0,-76.0,887.0
2016-12-14,1469.0,1549.0,279.0,10.0,-76.0,887.0
2016-12-15,1472.0,1550.0,280.0,10.0,-71.0,888.0
2016-12-16,1471.0,1551.0,281.0,10.0,-71.0,886.0
2016-12-17,1470.0,1552.0,281.0,10.0,-74.0,886.0
2016-12-18,1474.0,1553.0,282.0,10.0,-77.0,884.0
2016-12-19,1473.0,1554.0,283.0,10.0,-70.0,882.0
2016-12-20,1477.0,1555.0,283.0,10.0,-71.0,883.0
2016-12-21,1478.0,1556.0,284.0,10.0,-72.0,883.0
2016-12-22,1475.0,1557.0,284.0,10.0,-70.0,883.0
2016-12-23,1476.0,1558.0,285.0,10.0,-72.0,880.0
2016-12-24,1484.0,1559.0,286.0,10.0,-76.0,879.0
2016-12-25,1482.0,1560.0,286.0,10.0,-76.0,877.0
2016-12-27,1485.0,1561.0,287.0,10.0,-77.0,877.0
2016-12-28,1479.0,1562.0,288.0,10.0,-73.0,877.0
2016-12-29,1483.0,1563.0,288.0,10.0,-75.0,879.0
2016-12-30,1481.0,1564.0,289.0,10.0,-70.0,877.0
2016-12-31,1480.0,1565.0,290.0,10.0,-72.0,874.0
2017-01-01,1487.0,1566.0,290.0,10.0,-76.0,876.0
2017-01-02,1486.0,1567.0,291.0,10.0,-70.0,872.0
2017-01-03,1488.0,1568.0,291.0,10.0,-71.0,876.0
2017-01-04,1492.0,1569.0,292.0,10.0,-70.0,873.0
2017-01-05,1491.0,1570.0,293.0,10.0,-71.0,873.0
2017-01-06,1490.0,1571.0,293.0,10.0,-70.0,873.0
2017-01-07,1489.0,1572.0,294.0,10.0,-81.0,869.0
2017-01-08,1493.0,1573.0,295.0,10.0,-74.0,872.0
2017-01-09,1495.0,1574.0,295.0,10.0,-72.0,868.0
2017-01-10,1494.0,1575.0,296.0,10.0,-73.0,871.0
2017-01-11,1496.0,1576.0,296.0,10.0,-72.0,869.0
2017-01-12,1498.0,1577.0,297.0,10.0,-72.0,866.0
2017-01-13,1499.0,1578.0,298.0,10.0,-74.0,868.0
2017-01-14,1500.0,1579.0,298.0,10.0,-73.0,862.0
2017-01-15,1497.0,1580.0,299.0,10.0,-72.0,867.0
2017-01-16,1501.0,1581.0,299.0,10.0,-72.0,862.0
2017-01-17,1503.0,1582.0,300.0,11.0,-74.0,862.0
2017-01-18,1502.0,1583.0,301.0,11.0,-75.0,862.0
2017-01-19,1505.0,1584.0,301.0,11.0,-77.0,860.0
2017-01-20,1506.0,1585.0,302.0,11.0,-76.0,864.0
2017-01-21,1504.0,1586.0,303.0,11.0,-72.0,858.0
2017-01-22,1508.0,1587.0,303.0,11.0,-73.0,860.0
2017-01-23,1507.0,1588.0,304.0,11.0,-72.0,858.0
2017-01-24,1510.0,1589.0,304.0,11.0,-72.0,857.0
2017-01-25,1509.0,1590.0,305.0,11.0,-76.0,860.0
2017-01-26,1512.0,1591.0,306.0,11.0,-73.0,852.0
2017-01-27,1511.0,1592.0,306.0,11.0,-71.0,857.0
2017-01-28,1513.0,1593.0,307.0,11.0,-72.0,852.0
2017-01-29,1514.0,1594.0,307.0,11.0,-74.0,855.0
2017-01-30,1515.0,1595.0,308.0,11.0,-71.0,855.0
2017-01-31,1516.0,1596.0,309.0,11.0,-74.0,850.0
2017-02-01,1517.0,1597.0,309.0,11.0,-73.0,855.0
2017-02-03,1519.0,1598.0,310.0,11.0,-70.0,849.0
2017-02-04,1518.0,1599.0,310.0,11.0,-72.0,853.0
2017-02-05,1520.0,1600.0,311.0,11.0,-71.0,850.0
2017-02-06,1522.0,1601.0,312.0,11.0,-71.0,853.0
2017-02-07,1521.0,1602.0,312.0,11.0,-77.0,852.0
2017-02-08,1523.0,1603.0,313.0,11.0,-76.0,847.0
2017-02-09,1524.0,1604.0,313.0,11.0,-77.0,850.0
2017-02-10,1526.0,1605.0,314.0,11.0,-73.0,846.0
2017-02-11,1525.0,1606.0,315.0,11.0,-75.0,850.0
2017-02-12,1528.0,1607.0,315.0,11.0,-77.0,846.0
2017-02-13,1527.0,1608.0,316.0,11.0,-72.0,847.0
2017-02-14,1529.0,1609.0,316.0,11.0,-71.0,847.0
2017-02-18,1534.0,1613.0,319.0,11.0,-72.0,846.0
2017-02-19,1533.0,1614.0,319.0,11.0,-73.0,837.0
2017-02-20,1536.0,1615.0,320.0,11.0,-73.0,842.0
2017-02-21,1535.0,1616.0,320.0,11.0,-73.0,848.0
2017-02-22,1537.0,1617.0,321.0,11.0,-72.0,840.0
2017-02-23,1540.0,1618.0,322.0,11.0,-71.0,845.0
2017-02-24,1538.0,1619.0,322.0,11.0,-73.0,841.0
2017-02-25,1539.0,1620.0,323.0,11.0,-70.0,844.0
2017-02-26,1541.0,1621.0,323.0,11.0,-73.0,842.0
2017-02-27,1542.0,1622.0,324.0,11.0,-71.0,841.0
2017-02-28,1544.0,1623.0,324.0,11.0,-71.0,840.0
2017-03-01,1543.0,1624.0,325.0,11.0,-72.0,837.0
2017-03-02,1546.0,1625.0,326.0,11.0,-71.0,839.0
2017-03-03,1545.0,1626.0,326.0,11.0,-71.0,839.0
2017-03-04,1547.0,1627.0,327.0,11.0,-72.0,838.0
2017-03-05,1549.0,1628.0,327.0,11.0,-71.0,839.0
2017-03-06,1548.0,1629.0,328.0,11.0,-74.0,837.0
2017-03-07,1551.0,1630.0,328.0,11.0,-77.0,838.0
2017-03-08,1550.0,1631.0,329.0,11.0,-77.0,837.0
2017-03-09,1552.0,1632.0,330.0,12.0,-72.0,836.0
2017-03-10,1554.0,1633.0,330.0,12.0,-75.0,834.0
2017-03-12,1553.0,1634.0,331.0,12.0,-72.0,834.0
2017-03-13,1555.0,1635.0,331.0,12.0,-73.0,833.0
2017-03-14,1556.0,1636.0,332.0,12.0,-72.0,834.0
2017-03-15,1557.0,1637.0,332.0,12.0,-73.0,833.0
2017-03-16,1559.0,1638.0,333.0,12.0,-73.0,833.0
2017-03-17,1558.0,1639.0,334.0,12.0,-71.0,832.0
2017-03-18,1561.0,1640.0,334.0,12.0,-72.0,832.0
2017-03-19,1560.0,1641.0,335.0,12.0,-72.0,831.0
2017-03-20,1564.0,1642.0,335.0,12.0,-72.0,829.0
2017-03-21,1563.0,1643.0,336.0,12.0,-74.0,832.0
2017-03-22,1562.0,1644.0,336.0,12.0,-74.0,832.0
2017-03-23,1567.0,1645.0,337.0,12.0,-74.0,832.0
2017-03-24,1565.0,1646.0,337.0,12.0,-74.0,831.0
2017-03-25,1566.0,1647.0,338.0,12.0,-73.0,831.0
2017-03-26,1568.0,1648.0,339.0,12.0,-73.0,830.0
2017-03-27,1569.0,1649.0,339.0,12.0,-74.0,830.0
2017-03-28,1570.0,1650.0,340.0,12.0,-75.0,833.0
2017-03-29,1571.0,1651.0,340.0,12.0,-77.0,833.0
2017-03-30,1572.0,1652.0,341.0,12.0,-76.0,834.0
2017-03-31,1573.0,1653.0,341.0,12.0,-75.0,833.0
2017-04-01,1575.0,1654.0,342.0,12.0,-75.0,829.0
2017-04-02,1574.0,1655.0,342.0,12.0,-76.0,831.0
2017-04-03,1576.0,1656.0,343.0,12.0,-75.0,832.0
2017-04-04,1578.0,1657.0,343.0,12.0,-75.0,836.0
2017-04-05,1577.0,1658.0,344.0,12.0,-77.0,835.0
2017-04-06,1579.0,1659.0,345.0,12.0,-77.0,832.0
2017-04-07,1581.0,1660.0,345.0,12.0,-74.0,832.0
2017-04-08,1580.0,1661.0,346.0,12.0,-75.0,831.0
2017-04-09,1583.0,1662.0,346.0,12.0,-75.0,831.0
2017-04-10,1584.0,1663.0,347.0,12.0,-74.0,832.0
2017-04-11,1586.0,1664.0,347.0,12.0,-74.0,832.0
2017-04-12,1585.0,1665.0,348.0,12.0,-76.0,833.0
2017-04-13,1582.0,1666.0,348.0,12.0,-76.0,834.0
2017-04-14,1588.0,1667.0,349.0,12.0,-76.0,833.0
2017-04-15,1587.0,1668.0,349.0,12.0,-77.0,831.0
2017-04-16,1589.0,1669.0,350.0,12.0,-74.0,833.0
2017-04-18,1590.0,1670.0,350.0,12.0,-76.0,834.0
2017-04-19,1591.0,1671.0,351.0,12.0,-76.0,832.0
2017-04-20,1592.0,1672.0,351.0,12.0,-74.0,833.0
2017-04-21,1594.0,1673.0,352.0,12.0,-75.0,836.0
2017-04-22,1593.0,1674.0,352.0,12.0,-75.0,835.0
2017-04-23,1595.0,1675.0,353.0,12.0,-75.0,835.0
2017-04-24,1596.0,1676.0,354.0,12.0,-76.0,837.0
2017-04-25,1597.0,1677.0,354.0,12.0,-74.0,835.0
2017-04-26,1598.0,1678.0,355.0,12.0,-74.0,836.0
2017-04-27,1599.0,1679.0,355.0,12.0,-75.0,836.0
2017-04-28,1601.0,1680.0,356.0,12.0,-74.0,835.0
2017-04-29,1602.0,1681.0,356.0,12.0,-74.0,837.0
2017-04-30,1603.0,1682.0,357.0,12.0,-76.0,839.0
2017-05-01,1600.0,1683.0,357.0,12.0,-75.0,837.0
2017-05-02,1604.0,1684.0,358.0,12.0,-75.0,837.0
2017-05-03,1605.0,1685.0,358.0,12.0,-77.0,838.0
2017-05-04,1607.0,1686.0,359.0,12.0,-75.0,838.0
2017-05-05,1608.0,1687.0,359.0,12.0,-75.0,838.0
2017-05-06,1606.0,1688.0,0.0,1.0,-76.0,840.0
2017-05-07,1610.0,1689.0,0.0,1.0,-75.0,840.0
2017-05-08,1609.0,1690.0,1.0,1.0,-76.0,840.0
2017-05-10,1614.0,1692.0,2.0,1.0,-62.0,820.0
2017-05-11,1612.0,1693.0,2.0,1.0,-76.0,840.0
2017-05-12,1613.0,1694.0,3.0,1.0,-76.0,840.0
2017-05-13,1611.0,1695.0,3.0,1.0,-77.0,840.0
2017-05-14,1615.0,1696.0,4.0,1.0,-75.0,841.0
2017-05-15,1616.0,1697.0,4.0,1.0,-77.0,841.0
2017-05-16,1618.0,1698.0,5.0,1.0,-77.0,842.0
2017-05-17,1617.0,1699.0,5.0,1.0,-76.0,843.0
2017-05-18,1619.0,1700.0,6.0,1.0,-76.0,842.0
2017-05-19,1620.0,1701.0,6.0,1.0,-76.0,841.0
2017-05-20,1621.0,1702.0,7.0,1.0,-75.0,842.0
2017-05-21,1622.0,1703.0,7.0,1.0,-76.0,843.0
2017-05-22,1625.0,1704.0,8.0,1.0,-77.0,844.0
2017-05-23,1623.0,1705.0,8.0,1.0,-76.0,845.0
2017-05-24,1624.0,1706.0,9.0,1.0,-77.0,845.0
2017-05-26,1627.0,1707.0,9.0,1.0,-77.0,846.0
2017-05-27,1626.0,1708.0,10.0,1.0,-76.0,846.0
2017-05-28,1628.0,1709.0,10.0,1.0,-76.0,847.0
2017-05-29,1629.0,1710.0,11.0,1.0,-76.0,848.0
2017-05-30,1631.0,1711.0,11.0,1.0,-75.0,848.0
2017-05-31,1630.0,1712.0,12.0,1.0,-77.0,849.0
2017-06-01,1635.0,1713.0,12.0,1.0,-75.0,850.0
2017-06-02,1633.0,1714.0,13.0,1.0,-77.0,849.0
2017-06-03,1634.0,1715.0,13.0,1.0,-77.0,851.0
2017-06-04,1632.0,1716.0,14.0,1.0,-76.0,850.0
2017-06-05,1636.0,1717.0,14.0,1.0,-76.0,851.0
2017-06-06,1637.0,1718.0,15.0,1.0,-77.0,852.0
2017-06-07,1639.0,1719.0,15.0,1.0,-77.0,853.0
2017-06-08,1638.0,1720.0,16.0,1.0,-76.0,853.0
2017-06-09,1641.0,1721.0,16.0,1.0,-76.0,852.0
2017-06-10,1640.0,1722.0,17.0,1.0,-77.0,854.0
2017-06-11,1642.0,1723.0,17.0,1.0,-76.0,854.0
2017-06-12,1643.0,1724.0,18.0,1.0,-77.0,856.0
2017-06-13,1644.0,1725.0,18.0,1.0,-79.0,857.0
2017-06-14,1645.0,1726.0,19.0,1.0,-76.0,855.0
2017-06-15,1647.0,1727.0,19.0,1.0,-75.0,855.0
2017-06-16,1648.0,1728.0,20.0,1.0,-76.0,855.0
2017-06-17,1646.0,1729.0,20.0,1.0,-76.0,858.0
2017-06-18,1650.0,1730.0,21.0,1.0,-77.0,858.0
2017-06-19,1649.0,1731.0,21.0,1.0,-78.0,857.0
2017-06-20,1651.0,1732.0,22.0,1.0,-78.0,858.0
2017-06-21,1652.0,1733.0,22.0,1.0,-77.0,859.0
2017-06-22,1655.0,1734.0,23.0,1.0,-78.0,859.0
2017-06-23,1653.0,1735.0,23.0,1.0,-78.0,861.0
2017-06-24,1654.0,1736.0,23.0,1.0,-77.0,860.0
2017-06-25,1656.0,1737.0,24.0,1.0,-78.0,861.0
2017-06-26,1657.0,1738.0,24.0,1.0,-78.0,861.0
2017-06-27,1658.0,1739.0,25.0,1.0,-77.0,861.0
2017-06-28,1662.0,1740.0,25.0,1.0,-78.0,861.0
2017-06-29,1659.0,1741.0,26.0,1.0,-78.0,863.0
2017-06-30,1661.0,1742.0,26.0,1.0,-77.0,865.0
2017-07-02,1660.0,1743.0,27.0,1.0,-78.0,863.0
2017-07-03,1663.0,1744.0,27.0,1.0,-78.0,863.0
2017-07-04,1664.0,1745.0,28.0,1.0,-78.0,865.0
2017-07-05,1665.0,1746.0,28.0,1.0,-76.0,866.0
2017-07-06,1666.0,1747.0,29.0,1.0,-79.0,866.0
2017-07-07,1668.0,1748.0,29.0,1.0,-79.0,867.0
2017-07-08,1667.0,1749.0,30.0,2.0,-76.0,867.0
2017-07-09,1669.0,1750.0,30.0,2.0,-77.0,867.0
2017-07-10,1670.0,1751.0,31.0,2.0,-78.0,867.0
2017-07-11,1671.0,1752.0,31.0,2.0,-80.0,867.0
2017-07-12,1672.0,1753.0,32.0,2.0,-76.0,868.0
2017-07-13,1673.0,1754.0,32.0,2.0,-78.0,870.0
2017-07-14,1674.0,1755.0,32.0,2.0,-77.0,870.0
2017-07-15,1675.0,1756.0,33.0,2.0,-78.0,871.0
2017-07-16,1676.0,1757.0,33.0,2.0,-78.0,871.0
2017-07-17,1677.0,1758.0,34.0,2.0,-78.0,871.0
2017-07-18,1678.0,1759.0,34.0,2.0,-77.0,871.0
2017-07-19,1679.0,1760.0,35.0,2.0,-78.0,872.0
2017-07-20,1684.0,1761.0,35.0,2.0,-77.0,872.0
2017-07-21,1687.0,1762.0,36.0,2.0,-77.0,872.0
2017-07-22,1680.0,1763.0,36.0,2.0,-78.0,873.0
2017-07-23,1682.0,1764.0,37.0,2.0,-79.0,872.0
2017-07-24,1690.0,1765.0,37.0,2.0,-77.0,873.0
2017-07-25,1688.0,1766.0,38.0,2.0,-79.0,873.0
2017-07-26,1691.0,1767.0,38.0,2.0,-77.0,874.0
2017-07-27,1683.0,1768.0,39.0,2.0,-78.0,875.0
2017-07-28,1689.0,1769.0,39.0,2.0,-76.0,875.0
2017-07-29,1686.0,1770.0,39.0,2.0,-79.0,875.0
2017-07-30,1692.0,1771.0,40.0,2.0,-79.0,876.0
2017-07-31,1681.0,1772.0,40.0,2.0,-78.0,876.0
2017-08-01,1685.0,1773.0,41.0,2.0,-78.0,876.0
2017-08-02,1693.0,1774.0,41.0,2.0,-79.0,877.0
2017-08-03,1694.0,1775.0,42.0,2.0,-80.0,877.0
2017-08-04,1696.0,1776.0,42.0,2.0,-79.0,877.0
2017-08-05,1695.0,1777.0,43.0,2.0,-79.0,877.0
2017-08-06,1697.0,1778.0,43.0,2.0,-81.0,877.0
2017-08-07,1698.0,1779.0,44.0,2.0,-78.0,878.0
2017-08-09,1699.0,1780.0,44.0,2.0,-77.0,879.0
2017-08-10,1700.0,1781.0,45.0,2.0,-78.0,879.0
2017-08-11,1701.0,1782.0,45.0,2.0,-78.0,878.0
2017-08-12,1703.0,1783.0,45.0,2.0,-79.0,879.0
2017-08-13,1702.0,1784.0,46.0,2.0,-80.0,883.0
2017-08-14,1704.0,1785.0,46.0,2.0,-77.0,881.0
2017-08-16,1705.0,1787.0,47.0,2.0,-79.0,881.0
2017-08-17,1706.0,1788.0,48.0,2.0,-79.0,881.0
2017-08-18,1708.0,1789.0,48.0,2.0,-79.0,881.0
2017-08-19,1707.0,1790.0,49.0,2.0,-81.0,882.0
2017-08-20,1709.0,1791.0,49.0,2.0,-79.0,882.0
2017-08-21,1710.0,1792.0,50.0,2.0,-80.0,883.0
2017-08-22,1711.0,1793.0,50.0,2.0,-80.0,883.0
2017-08-23,1712.0,1794.0,50.0,2.0,-80.0,883.0
2017-08-24,1714.0,1795.0,51.0,2.0,-81.0,882.0
2017-08-25,1715.0,1796.0,51.0,2.0,-80.0,883.0
2017-08-26,1713.0,1797.0,52.0,2.0,-79.0,884.0
2017-08-27,1716.0,1798.0,52.0,2.0,-79.0,883.0
2017-08-28,1717.0,1799.0,53.0,2.0,-78.0,883.0
2017-08-29,1718.0,1800.0,53.0,2.0,-80.0,883.0
2017-08-30,1719.0,1801.0,54.0,2.0,-80.0,882.0
2017-08-31,1722.0,1802.0,54.0,2.0,-79.0,882.0
2017-09-01,1723.0,1803.0,55.0,2.0,-78.0,882.0
2017-09-02,1720.0,1804.0,55.0,2.0,-78.0,883.0
2017-09-03,1721.0,1805.0,55.0,2.0,-78.0,883.0
2017-09-04,1724.0,1806.0,56.0,2.0,-80.0,884.0
2017-09-05,1725.0,1807.0,56.0,2.0,-78.0,884.0
2017-09-06,1726.0,1808.0,57.0,2.0,-79.0,884.0
2017-09-07,1728.0,1809.0,57.0,2.0,-80.0,884.0
2017-09-08,1729.0,1810.0,58.0,2.0,-78.0,883.0
2017-09-09,1727.0,1811.0,58.0,2.0,-79.0,882.0
2017-09-10,1730.0,1812.0,59.0,2.0,-79.0,882.0
2017-09-11,1731.0,1813.0,59.0,2.0,-80.0,881.0
2017-09-12,1732.0,1814.0,59.0,2.0,-80.0,881.0
2017-09-13,1733.0,1815.0,60.0,3.0,-81.0,881.0
2017-09-15,1734.0,1816.0,60.0,3.0,-82.0,882.0
2017-09-16,1735.0,1817.0,61.0,3.0,-80.0,882.0
2017-09-17,1736.0,1818.0,61.0,3.0,-81.0,881.0
2017-09-18,1737.0,1819.0,62.0,3.0,-82.0,880.0
2017-09-19,1738.0,1820.0,62.0,3.0,-79.0,881.0
2017-09-20,1740.0,1821.0,63.0,3.0,-81.0,882.0
2017-09-21,1739.0,1822.0,63.0,3.0,-78.0,881.0
2017-09-22,1743.0,1823.0,64.0,3.0,-80.0,879.0
2017-09-23,1742.0,1824.0,64.0,3.0,-80.0,879.0
2017-09-24,1741.0,1825.0,64.0,3.0,-80.0,878.0
2017-09-25,1744.0,1826.0,65.0,3.0,-80.0,878.0
2017-09-26,1745.0,1827.0,65.0,3.0,-80.0,879.0
2017-09-27,1746.0,1828.0,66.0,3.0,-80.0,878.0
2017-09-28,1749.0,1829.0,66.0,3.0,-78.0,877.0
2017-09-29,1748.0,1830.0,67.0,3.0,-80.0,877.0
2017-09-30,1747.0,1831.0,67.0,3.0,-80.0,876.0
2017-10-01,1750.0,1832.0,68.0,3.0,-84.0,875.0
2017-10-02,1751.0,1833.0,68.0,3.0,-81.0,875.0
2017-10-03,1752.0,1834.0,68.0,3.0,-80.0,875.0
2017-10-04,1753.0,1835.0,69.0,3.0,-80.0,873.0
2017-10-05,1755.0,1836.0,69.0,3.0,-81.0,873.0
2017-10-06,1756.0,1837.0,70.0,3.0,-81.0,872.0
2017-10-07,1754.0,1838.0,70.0,3.0,-79.0,872.0
2017-10-08,1757.0,1839.0,71.0,3.0,-80.0,872.0
2017-10-09,1758.0,1840.0,71.0,3.0,-77.0,871.0
2017-10-10,1759.0,1841.0,72.0,3.0,-77.0,870.0
2017-10-11,1761.0,1842.0,72.0,3.0,-79.0,869.0
2017-10-12,1760.0,1843.0,72.0,3.0,-80.0,869.0
2017-10-13,1762.0,1844.0,73.0,3.0,-81.0,869.0
2017-10-14,1763.0,1845.0,73.0,3.0,-80.0,868.0
2017-10-15,1765.0,1846.0,74.0,3.0,-80.0,868.0
2017-10-16,1764.0,1847.0,74.0,3.0,-80.0,866.0
2017-10-17,1766.0,1848.0,75.0,3.0,-80.0,865.0
2017-10-18,1770.0,1849.0,75.0,3.0,-80.0,864.0
2017-10-19,1768.0,1850.0,76.0,3.0,-80.0,864.0
2017-10-20,1767.0,1851.0,76.0,3.0,-87.0,864.0
2017-10-22,1769.0,1852.0,77.0,3.0,-80.0,863.0
2017-10-23,1771.0,1853.0,77.0,3.0,-80.0,862.0
2017-10-24,1772.0,1854.0,77.0,3.0,-80.0,861.0
2017-10-25,1773.0,1855.0,78.0,3.0,-78.0,861.0
2017-10-26,1774.0,1856.0,78.0,3.0,-80.0,859.0
2017-10-27,1776.0,1857.0,79.0,3.0,-80.0,858.0
2017-10-28,1775.0,1858.0,79.0,3.0,-81.0,857.0
2017-10-29,1779.0,1859.0,80.0,3.0,-79.0,857.0
2017-10-30,1778.0,1860.0,80.0,3.0,-80.0,857.0
2017-10-31,1780.0,1861.0,81.0,3.0,-79.0,855.0
2017-11-01,1777.0,1862.0,81.0,3.0,-81.0,854.0
2017-11-02,1781.0,1863.0,81.0,3.0,-80.0,853.0
2017-11-03,1782.0,1864.0,82.0,3.0,-82.0,852.0
2017-11-04,1783.0,1865.0,82.0,3.0,-80.0,852.0
2017-11-05,1785.0,1866.0,83.0,3.0,-80.0,850.0
2017-11-06,1784.0,1867.0,83.0,3.0,-78.0,848.0
2017-11-07,1786.0,1868.0,84.0,3.0,-80.0,848.0
2017-11-08,1787.0,1869.0,84.0,3.0,-81.0,846.0
2017-11-09,1788.0,1870.0,85.0,3.0,-81.0,845.0
2017-11-10,1789.0,1871.0,85.0,3.0,-80.0,844.0
2017-11-11,1791.0,1872.0,86.0,3.0,-79.0,843.0
2017-11-12,1790.0,1873.0,86.0,3.0,-79.0,842.0
2017-11-13,1792.0,1874.0,86.0,3.0,-80.0,840.0
2017-11-14,1793.0,1875.0,87.0,3.0,-79.0,839.0
2017-11-15,1794.0,1876.0,87.0,3.0,-79.0,838.0
2017-11-16,1797.0,1877.0,88.0,3.0,-79.0,837.0
2017-11-17,1795.0,1878.0,88.0,3.0,-79.0,835.0
2017-11-18,1796.0,1879.0,89.0,3.0,-79.0,834.0
2017-11-19,1798.0,1880.0,89.0,3.0,-79.0,833.0
2017-11-20,1803.0,1881.0,90.0,4.0,-79.0,832.0
2017-11-21,1801.0,1882.0,90.0,4.0,-78.0,831.0
2017-11-22,1800.0,1883.0,91.0,4.0,-78.0,830.0
2017-11-23,1799.0,1884.0,91.0,4.0,-79.0,829.0
2017-11-24,1804.0,1885.0,91.0,4.0,-79.0,827.0
2017-11-25,1805.0,1886.0,92.0,4.0,-79.0,826.0
2017-11-26,1802.0,1887.0,92.0,4.0,-79.0,824.0
2017-11-27,1807.0,1888.0,93.0,4.0,-79.0,823.0
2017-11-29,1806.0,1889.0,93.0,4.0,-80.0,822.0
2017-11-30,1808.0,1890.0,94.0,4.0,-79.0,821.0
2017-12-01,1810.0,1891.0,94.0,4.0,-80.0,819.0
2017-12-02,1809.0,1892.0,95.0,4.0,-81.0,817.0
2017-12-03,1812.0,1893.0,95.0,4.0,-79.0,816.0
2017-12-04,1811.0,1894.0,96.0,4.0,-79.0,815.0
2017-12-05,1814.0,1895.0,96.0,4.0,-78.0,814.0
2017-12-06,1813.0,1896.0,96.0,4.0,-79.0,812.0
2017-12-07,1817.0,1897.0,97.0,4.0,-80.0,811.0
2017-12-08,1816.0,1898.0,97.0,4.0,-81.0,810.0
2017-12-09,1815.0,1899.0,98.0,4.0,-81.0,808.0
2017-12-10,1818.0,1900.0,98.0,4.0,-81.0,807.0
2017-12-11,1819.0,1901.0,99.0,4.0,-81.0,806.0
2017-12-12,1820.0,1902.0,99.0,4.0,-79.0,804.0
2017-12-13,1821.0,1903.0,100.0,4.0,-78.0,803.0
2017-12-14,1822.0,1904.0,100.0,4.0,-79.0,801.0
2017-12-15,1823.0,1905.0,101.0,4.0,-80.0,800.0
2017-12-16,1824.0,1906.0,101.0,4.0,-79.0,799.0
2017-12-17,1825.0,1907.0,101.0,4.0,-79.0,798.0
2017-12-18,1826.0,1908.0,102.0,4.0,-79.0,796.0
2017-12-19,1827.0,1909.0,102.0,4.0,-80.0,795.0
2017-12-20,1828.0,1910.0,103.0,4.0,-80.0,794.0
2017-12-21,1833.0,1911.0,103.0,4.0,-79.0,792.0
2017-12-22,1832.0,1912.0,104.0,4.0,-80.0,791.0
2017-12-23,1830.0,1913.0,104.0,4.0,-79.0,791.0
2017-12-24,1834.0,1914.0,105.0,4.0,-78.0,790.0
2017-12-25,1835.0,1915.0,105.0,4.0,-78.0,788.0
2017-12-26,1829.0,1916.0,106.0,4.0,-79.0,787.0
2017-12-27,1831.0,1917.0,106.0,4.0,-80.0,786.0
2017-12-28,1839.0,1918.0,107.0,4.0,-77.0,784.0
2017-12-29,1836.0,1919.0,107.0,4.0,-77.0,783.0
2017-12-30,1837.0,1920.0,108.0,4.0,-77.0,782.0
2017-12-31,1838.0,1921.0,108.0,4.0,-78.0,781.0
2018-01-01,1840.0,1922.0,108.0,4.0,-79.0,780.0
2018-01-02,1842.0,1923.0,109.0,4.0,-77.0,778.0
2018-01-03,1841.0,1924.0,109.0,4.0,-78.0,777.0
2018-01-05,1844.0,1925.0,110.0,4.0,-79.0,777.0
2018-01-06,1843.0,1926.0,110.0,4.0,-80.0,775.0
2018-01-07,1845.0,1927.0,111.0,4.0,-79.0,774.0
2018-01-08,1847.0,1928.0,111.0,4.0,-78.0,773.0
2018-01-09,1846.0,1929.0,112.0,4.0,-79.0,771.0
2018-01-10,1848.0,1930.0,112.0,4.0,-79.0,770.0
2018-01-11,1849.0,1931.0,113.0,4.0,-79.0,770.0
2018-01-12,1850.0,1932.0,113.0,4.0,-79.0,768.0
2018-01-13,1852.0,1933.0,114.0,4.0,-78.0,767.0
2018-01-14,1851.0,1934.0,114.0,4.0,-79.0,766.0
2018-01-15,1853.0,1935.0,115.0,4.0,-80.0,765.0
2018-01-16,1855.0,1936.0,115.0,4.0,-79.0,764.0
2018-01-17,1854.0,1937.0,116.0,4.0,-80.0,763.0
2018-01-18,1859.0,1938.0,116.0,4.0,-78.0,762.0
2018-01-19,1857.0,1939.0,116.0,4.0,-78.0,760.0
2018-01-20,1858.0,1940.0,117.0,4.0,-77.0,759.0
2018-01-21,1856.0,1941.0,117.0,4.0,-77.0,758.0
2018-01-22,1860.0,1942.0,118.0,4.0,-78.0,757.0
2018-01-23,1863.0,1943.0,118.0,4.0,-78.0,756.0
2018-01-24,1861.0,1944.0,119.0,4.0,-80.0,755.0
2018-01-25,1862.0,1945.0,119.0,4.0,-78.0,754.0
2018-01-26,1864.0,1946.0,120.0,5.0,-79.0,753.0
2018-01-27,1865.0,1947.0,120.0,5.0,-78.0,751.0
2018-01-28,1866.0,1948.0,121.0,5.0,-78.0,752.0
2018-01-29,1867.0,1949.0,121.0,5.0,-78.0,751.0
2018-01-30,1868.0,1950.0,122.0,5.0,-79.0,750.0
2018-01-31,1869.0,1951.0,122.0,5.0,-77.0,749.0
2018-02-01,1871.0,1952.0,123.0,5.0,-80.0,748.0
2018-02-02,1870.0,1953.0,123.0,5.0,-78.0,747.0
2018-02-03,1872.0,1954.0,124.0,5.0,-77.0,745.0
2018-02-04,1873.0,1955.0,124.0,5.0,-77.0,745.0
2018-02-05,1879.0,1956.0,125.0,5.0,-79.0,744.0
2018-02-06,1875.0,1957.0,125.0,5.0,-77.0,742.0
2018-02-07,1874.0,1958.0,126.0,5.0,-77.0,741.0
2018-02-08,1878.0,1959.0,126.0,5.0,-78.0,740.0
2018-02-09,1876.0,1960.0,127.0,5.0,-78.0,740.0
2018-02-11,1877.0,1961.0,127.0,5.0,-77.0,740.0
2018-02-12,1880.0,1962.0,128.0,5.0,-78.0,738.0
2018-02-13,1881.0,1963.0,128.0,5.0,-77.0,737.0
2018-02-14,1882.0,1964.0,129.0,5.0,-76.0,736.0
2018-02-15,1883.0,1965.0,129.0,5.0,-76.0,735.0
2018-02-16,1884.0,1966.0,130.0,5.0,-77.0,735.0
2018-02-17,1885.0,1967.0,130.0,5.0,-76.0,734.0
2018-02-18,1886.0,1968.0,131.0,5.0,-76.0,732.0
2018-02-19,1887.0,1969.0,131.0,5.0,-76.0,732.0
2018-02-20,1888.0,1970.0,132.0,5.0,-77.0,731.0
2018-02-21,1890.0,1971.0,132.0,5.0,-78.0,731.0
2018-02-22,1891.0,1972.0,133.0,5.0,-78.0,730.0
2018-02-23,1889.0,1973.0,133.0,5.0,-78.0,730.0
2018-02-24,1892.0,1974.0,134.0,5.0,-77.0,729.0
2018-02-25,1894.0,1975.0,134.0,5.0,-76.0,729.0
2018-02-26,1893.0,1976.0,135.0,5.0,-77.0,728.0
2018-02-27,1895.0,1977.0,135.0,5.0,-77.0,727.0
